17312776
93015286
56215431
36342782
54179971
52807958
20085294
16435923
62941912
34349837
82169728
23627386
27400452
92782439
73264573
82922301
14975494
17968469
63584881
26257696
93484325
56473205
91187840
24155456
64171953
22431390
93376571
11072017
37520543
79943763
92080654
65861226
80082465
23166255
99350744
40642088
13713292
17893171
83320840
38555324
39043588
31714247
68506562
64600542
19549058
99472349
35461164
42078972
52887007
58933769
31102429
68641048
95910585
54299089
19203894
84429962
21484046
69994559
71317936
19561459
72275666
34094885
10646246
99658577
23452890
52559585
16267867
40748054
20576076
60343854
64354193
32967042
61609859
98425425
74137295
95780160
27134495
67459589
38345352
71635609
64807030
31347560
95024070
19973124
64298670
16573938
92862168
63269876
81043733
87815843
26357302
61591232
81253658
67380004
46731392
91889187
33114583
33418041
41615464
80858195
59636503
88212552
14721699
60779067
19123409
14011682
64239893
79410589
29798157
47738327
66738223
79248872
41978364
88750308
69095270
75324377
97579222
44038158
86886960
11845937
52487367
28743008
38176883
68822440
20028393
97233618
60868782
22425878
78842811
92357344
10061095
89068086
30564199
20299605
86067785
50736951
57218465
87412155
35536539
60800173
52690284
31685380
54772492
63509106
94219783
76872552
65629349
79677464
53145099
88772608
88349993
14613673
15264998
99856570
33637594
10432374
71161921
67926025
67449771
79656206
68185227
34861626
98331486
67978701
14989505
26125525
10652729
54510580
11711948
12125669
77112440
72889429
65597479
23766442
92221529
63819283
94992594
56225437
71216668
87629096
97779386
73928902
86773791
60946002
13559374
96613635
82963291
60948313
81698661
70797528
76755724
48151201
23460600
65819575
44863576
93272892
39047735
19900364
11421350
65958488
69495454
49497833
41389241
55129127
98779543
88967870
26312800
59538340
71762880
30474858
40257930
98537973
53868174
20778942
66457934
10452832
29107305
13305308
48898401
22992185
11941591
35685522
78707406
42195580
91937060
40662205
68873600
78362001
10156595
18516296
16169214
11604329
34153739
27210158
70210384
89341707
25506719
69311034
10380651
46662928
13157009
93648823
13356599
88000127
23920641
94847963
30572533
19207476
12388215
19214391
30121132
48797656
48065439
13571178
42408197
99340931
94553330
85155508
51263544
72572115
87087311
70149035
61195175
99388802
67687628
64245087
33409191
46981292
61098971
68108464
48002841
21105528
52205986
91672637
91853202
67231934
48197815
70120141
43408209
30430372
21498974
37943344
19050606
16031951
10675136
44783049
43152559
89389806
62744945
36950492
15353174
59888332
60114971
97294374
14511227
16830945
27411523
89935490
44042432
90153677
11764337
65222858
79962236
33639119
79360005
67116516
58446402
65401225
29863000
52666247
90641632
72889434
27465958
40716757
38596262
28522153
33048855
26562037
17605083
16743963
27368406
17131428
37392565
80959787
52634624
21477205
83233428
91364110
20324453
11443700
25351871
99073813
41230065
67341742
33661958
39107300
95739874
39696848
59879899
37679850
14312575
68165694
28784697
39224970
71556207
28942930
11163354
63002566
98141325
22802290
22397509
72426092
45903774
44498990
34751062
66404318
86382609
78450224
96217512
60098305
26487222
25077759
18202390
76480033
43687636
71792667
21455812
15114876
76375052
41486171
63801879
25780522
54989094
17108269
12617875
30113852
16442696
30102898
68581885
10475290
85397244
45426488
21526109
31055178
93410737
45299979
25368259
14506929
68351392
36737265
83238410
16530183
26739974
59196083
37012041
72323570
11382921
54970666
11145806
98775020
43300654
49075467
54402911
75144089
77176655
15478109
16645853
84834529
43430361
94953238
20310522
29900649
29540768
67500607
29168477
26153667
85849525
42949802
76620201
67548942
78237866
58357186
61568203
37230279
14580652
30631896
69165838
64609015
38197836
18305332
92790381
35663013
47452532
73509265
67547340
17556119
72372416
94932909
77909110
83893523
28083627
57837274
54073716
25165510
70008423
76574605
60055303
93371544
17012986
43519828
76682837
87598015
93967420
44833528
42285021
14010280
83973435
51515456
24865674
41173442
24596227
22354475
22880368
61278586
13092142
71535578
81069660
69542067
99546655
63160439
89921411
29661100
84651086
34109487
97925417
46057717
89525876
81838943
66223987
90097028
71527951
34395183
42787438
90442632
63184815
75501065
58529124
53065919
91019372
82060784
10440070
97562482
41606224
79239535
31294472
47583522
46062036
51304487
96944183
74598987
54069417
51399705
81301974
56051147
87514709
48302101
35801054
48941218
77808036
22977297
82880642
77486860
38155115
71884910
11003310
82490062
36542495
28735179
69190146
27612194
59587963
34645193
83035170
85642797
44952112
24545706
91082520
92687530
59720435
28077073
79928617
26009320
77293143
40187988
20427513
20197251
41424397
20024884
72637565
34080437
46735956
52704113
75192137
83206879
86237821
88803935
35594791
24572092
75634776
72355119
14573075
74368011
38886436
95348964
53285086
62266026
55098181
54562343
93126288
48801021
53459327
54684465
53767385
92438509
87879270
67565423
71858164
81102224
42035747
37294167
72454046
99483585
99924906
11730988
66159814
62672865
17795047
45663284
44525830
88065144
31772979
44804464
54968040
23683449
43329313
21098125
22242388
67249715
17393927
51299853
96114434
76934450
85598190
15242263
95154159
15598344
78869097
11550880
56647218
44964815
41692828
82469629
10880643
14201662
68588439
48033102
40434064
41259551
31400432
41399353
18759531
28090898
76665102
72471981
97160197
69907059
65974881
57607871
60869523
35309623
91990255
80983856
76351485
30235289
82085997
78223826
58629973
21682863
50301517
90247414
69718449
64270861
20621674
90357241
84800235
59265305
21938707
51275466
24808526
84062875
88411556
58873256
94060438
73728431
34318564
49861373
90818437
78050176
67656983
38032905
45657019
46634709
10313875
72925097
18287598
56247555
27333604
66672837
82169727
23610579
14925203
77616013
65804562
96297018
84764222
84424572
45734003
97479773
53730263
30392412
55749675
27154611
67412558
87623403
35854068
87273337
20988814
66564923
38538042
69316923
32732943
18348546
68737234
10996175
39626006
90400072
29040562
32687155
63248253
44298797
51698736
40987030
97619791
36232186
38067178
20981640
35991505
78180837
56543608
78129081
43383560
19881343
21384558
22788124
45392301
51052978
48907492
51404912
22572956
85543531
52208740
39041869
63094946
91043917
18696377
63443577
60357527
75317971
24293290
57722967
58155193
57180523
96502918
34466006
46327642
35918612
23497944
93811028
86432097
36087262
67568736
54944489
69374304
48950073
85472354
22530813
63489197
59960065
69839280
71350764
69517211
33304375
85768538
14826317
18664035
59871583
91288707
82022391
28925852
37430364
64384223
26979562
74360174
94604930
34991974
81957520
10151467
99383889
74685079
95397371
27133467
89450084
46139442
15213240
39959864
18368628
15904563
21607290
49493110
34605046
51230652
47862695
74667865
15379983
40086131
26811383
71962412
75013023
89970683
73667826
70890642
13858011
96379777
83020556
50376144
40776689
60332009
32329167
78262969
94371085
81970774
10667024
58523578
45825432
30479175
73975416
96320387
75282584
59973739
84848730
21023814
75541832
75484537
46284405
93342131
33370385
11822739
78218871
99108221
28363654
91879035
67329606
36014186
60542071
86791153
52398291
40638835
14660411
50009961
80653306
32467973
87720629
15744759
92884045
36147147
40329217
36228824
20400377
14122499
49687323
62342044
43004639
25240636
34005791
95887348
57511763
61553502
98988905
76474424
17553816
42153383
26107950
11591684
43873645
26805350
77970515
27010112
56301512
98296681
27469689
22340920
25793392
40563275
73289892
23649266
73975945
62966869
77020179
56717425
58962729
63374526
48383771
74351185
59848787
37805490
16675964
11642015
70869516
10305841
57195969
73780506
87219755
42299497
51416190
49527036
56311840
10366865
33177182
65168589
76350641
76751871
22232163
20207608
74762587
55509280
62964807
63174967
68122372
24700708
34179951
69539686
89880033
85001657
15217855
53416391
96356069
32043847
61184198
94898363
45781976
93761984
77037970
97624338
22653615
77803475
87052479
81400436
56092513
23484980
68871191
59307537
46111641
35747631
98816436
36354342
21336089
27086887
77311933
39288474
16193756
60052858
68630628
83806669
34027652
33686239
48359734
34819949
36353635
86507429
50679674
41696728
78827751
62540880
75845132
50675609
28566805
89407241
17208589
39428024
80830003
35813559
45355820
50512077
32728441
54546789
54384389
76519014
46977946
81916638
73828296
11237107
59544213
67094522
15466069
20181795
44220452
94301325
75485589
81370103
95203028
18022381
30415774
15799543
87316753
85872058
79066667
53034798
31344594
45174508
77006920
65035079
61444230
49938048
33524027
91058809
54176753
20586389
49215822
55514904
50082641
92917975
87842256
62525014
18483580
28174759
92390215
56903702
82587466
66557634
39788752
43729824
95226093
11918903
86963572
78302154
93225312
20072365
38787375
17103562
57264259
21179691
20829035
77560163
36050858
25025018
66593871
44716233
89553270
27712365
84516646
37952276
23550440
93086276
10777960
58487394
93573166
45516114
35656089
21080864
32487606
22882992
45730999
59314879
27294433
12863376
75038798
42820263
20619895
60457588
72505662
32807006
63827077
45986352
60094321
24688447
24461523
30677462
33481088
76436925
34712857
62780371
88949186
25587768
64719620
92247690
70482186
19525603
18561120
70959781
65096581
58405300
25410733
63557979
19657159
60705566
31275749
32634129
68011406
96827948
11467100
33366226
79678005
23399353
26871004
23933646
78232466
87950231
34156902
42155143
38283536
18665232
88477050
45873981
96714150
40455539
80405432
54012215
71518203
84940257
16994769
88859221
81761569
18364216
48727055
19580856
20876311
75074006
17507230
34802771
35047723
50364562
81738305
98176990
69277834
56496029
42195542
43972573
30220155
92647459
97759650
24549284
13462387
48144551
27586272
78375532
18733779
70546479
84205832
43255363
55002432
22441702
44016176
21815196
25045025
68743742
34834754
70801560
63009036
78667059
71137440
33878592
48864577
84512217
83864918
19182749
55718772
77066200
19762614
71496326
60278542
38167921
77387284
32766620
48386750
31013150
55884474
42291646
73572211
92183806
12053243
98844817
15598230
38737543
53684916
91191494
12972968
87223474
99723330
99893204
45237454
79780029
40633074
51132240
30634168
47702187
93791866
51781097
74798599
18869388
13326049
50438499
39128019
49154639
30158334
40215824
38267165
86113101
15309074
77967723
36328035
12219364
35873170
61266762
29175642
52546957
78057936
39512902
41675346
54620790
55094172
42373612
79934193
60075997
59312245
90429529
83041607
73478611
66453340
58050942
61737010
67157813
93226771
35676532
74285301
28077776
53528382
79671560
99536861
30797102
30083877
83003716
75561820
71803917
51968161
72382354
39716454
11993207
53927543
32622590
45587945
80977436
66938033
46946871
27043847
91773145
92524757
54775227
74666783
96112055
11058375
94591648
77302777
61374717
17253347
93109329
20824997
69342652
91784377
54597937
61354646
44378673
87471624
18710042
27140097
24909359
17171681
96870847
63632260
89180680
45447910
98189794
92151328
53951076
94033943
61022232
89947516
82515613
37411751
77798599
35452392
62131615
16131417
41589376
62046334
36189519
88718488
31429332
16419963
89541879
20722451
77715387
13230288
69900618
27339930
18263364
29757539
37316022
46014098
80879966
95892545
89237452
35507136
59920908
67619803
43578403
40802017
78264126
41221518
38961758
92368572
69502000
35759522
11263739
91957705
43994919
41330754
14382539
14401487
10646321
87972991
99358401
48982442
55118427
77081286
71879417
39033304
82168015
76349507
74474690
51791695
64431697
45225925
74499614
90308299
63744553
61219686
22077088
41696575
42499347
11298981
92055797
98089627
54343762
28159648
95903285
50906299
95615809
84615306
93105872
74586555
58881726
34552371
53405574
38311683
58706837
53106353
15784142
16959634
90559478
97747446
42733612
94706296
41166689
91098556
62476514
78504393
33610871
41649758
53129675
21864774
77600781
97205072
13691426
91903821
38366531
71619927
24536612
41185773
85600277
45859849
34739003
74079550
59446636
94250685
65159712
81262680
17579159
56308740
43806542
64976364
56133737
17770347
51232074
58816138
12644613
20582172
13150171
94614779
80173272
36334480
55380166
53375567
61037923
36963109
63329534
81392405
58871075
91161304
15218793
13990825
31451873
14455728
17816185
53875761
84185873
72263073
14337910
31024928
73837320
43605165
31673705
51926636
47145858
66880820
32071024
34620862
63402363
49458273
41313789
42978498
78133270
58597551
59010730
29346730
55650945
60824525
20461836
82956134
55500301
79108643
93715962
53897061
73257727
49374091
28058340
13219729
55460529
27714528
60168497
87988610
23300533
67515776
95626372
69201536
51990035
67072561
70475320
54207654
68076139
74444634
22962483
18360367
65549424
64944390
25419544
53078055
12043013
25396695
50918269
22336976
75828564
11866388
69964257
58735266
76453933
55024936
49153918
99552999
62379313
30897234
36329576
84821995
43122268
26260104
43955581
32040345
92326084
46537632
24439939
39808750
84566765
87707043
31512635
62657638
40362346
78920149
93961554
31785043
71592977
85695740
17983156
14107310
34677732
34297853
79176330
32033061
90254741
51701671
85856952
35530970
14957569
59728018
82929288
71704313
66490134
71910164
67582577
56838267
83632243
17689096
56887097
17264164
69018426
69076714
49805884
83484259
97654810
93284007
75778627
21843320
55589804
35551072
65407149
69778513
79307886
34909416
18512992
46180263
40511184
76985633
16102803
14702743
29590309
85677571
33778440
67552183
51196841
66734020
68258206
13936032
96517057
36909647
95574303
90048988
17876604
92284005
88614189
91851908
65864740
19843953
44834185
66703089
83942266
54711962
74396952
10137510
14457745
82066749
88830468
66344390
56226602
82932112
81381483
84603331
41920960
79581570
27504689
99454472
31324405
83262719
13929879
92020832
37486761
52169689
43062557
98668462
95054527
68488054
88696899
19665763
25312994
36829741
72673074
12773776
35023820
30060440
70961414
66650190
26732130
56630066
86340306
23785683
81926996
28647111
97597671
28919969
83745315
53552664
28861888
64250773
56378527
64121385
75941102
12862796
86724337
82446803
29918240
46275459
33416467
52947044
69488140
97654189
40172681
46108875
28527560
38382927
90133610
56361625
32644737
74787550
98710222
17265692
90240899
28787245
94995317
46370608
33589551
56700387
89737865
47907415
88872171
89061374
25160349
17647206
22109958
66036241
12914256
77504779
86724482
50074350
95355582
32269391
11393535
65876517
46267480
87800902
14893070
38718349
34848291
67156252
19235465
37257961
12427292
71873752
46767760
77584786
89459861
91163171
90324176
52101804
20764676
88201784
13743923
14141987
60089337
34951224
52964492
70873319
39413394
14943593
68941164
39021768
30066907
16627259
63758770
30164805
88272231
88448342
43106693
59330766
59116710
10122832
68115444
66828213
74227155
45706335
13274519
88832412
21963309
32166014
56961320
73919303
31795597
81920166
64556991
20533512
48618507
59752156
34158031
90428556
66688396
12968150
65896503
25578270
37760913
55606968
37674221
43462905
80056889
25905689
96728593
47578750
42912921
86761234
81062170
37686502
14679140
86300776
95757172
81857933
30470317
58395966
74426417
76789364
77567546
91570538
99680936
21835869
76603914
76759444
16214618
63626603
97049592
63183026
15082497
15938132
37936762
88426932
47297688
64071181
38756386
23325328
42732829
21897260
36889939
98449725
88167685
45179566
79881437
13133973
87916370
95484833
22297833
26518564
79979396
73480838
70555354
52938199
27805201
33298786
51483370
25596272
78808015
77891817
29493139
39214206
15025369
63622328
47063024
16202294
44984623
87201150
76659151
49507413
44263658
10034809
29142641
16035793
37461832
39891030
18529479
79169494
92681786
96477983
65813219
74741328
11506223
73852598
30382511
56397457
78520962
58438253
56226780
47085425
32695901
26213410
43277301
12552731
83805045
19679195
40284015
22840790
21632517
66780255
34900093
76630799
65669528
68722850
34785664
26447620
70999457
71580268
26203355
37930717
98262216
40430636
60699044
58986316
13830100
86196846
85327642
85323523
36476554
81977304
47821468
36605363
22762389
24025823
92992682
78984182
50896094
22587862
31881982
20767837
30517889
47508812
29407225
43122319
31575884
66064645
35841661
37315289
97372587
35280185
82035257
82569448
24811862
80481872
36065116
72765648
68586081
80997462
30568904
81971806
19094602
18690766
12436456
92596144
66742044
10794240
96914822
51939482
14911937
67981526
75415391
37172607
22770995
19017710
29041101
11395283
30524598
57320864
25407124
72090694
23915795
13830999
62468006
37833771
41564973
72606803
13766547
94032710
53245312
32701654
15499347
95105431
70734626
40342413
47663151
76631060
83002266
55220535
57940997
36184510
55693892
87474441
83030337
39224034
25474010
59570871
69594151
23760776
40719781
24690075
60740565
15396164
53933774
34400896
39888583
84807484
82611760
11491023
70981464
35765829
36182734
98439926
21963380
63280398
65993411
64232113
98301284
62587889
47008149
24269014
95687370
18423787
81800209
49680272
51240621
18006944
88721694
80853951
95712329
99773057
44142381
55537897
54662635
46870575
73303376
19542945
73785047
26214521
70867124
76455696
62792320
75396319
76629503
61292390
43662371
33056034
57219490
52854886
80316702
71723264
67673770
19821169
48225477
28792308
30440003
67474969
77998679
54391325
18173766
80205933
31892038
64969561
96956029
63343864
30803116
66000862
52758026
85336793
63153245
50524365
75605056
95876103
52975671
43949304
37976405
43194321
27986784
71007795
75013990
20681675
65067334
80958749
56622557
76458523
50656554
34552487
55355186
53185862
15038016
39937390
38433908
64376011
94852700
97241181
59764567
16046664
95361261
92906876
94247474
10762677
16435481
97757639
98155141
62061691
32782106
18278888
33615518
93859665
98332779
12656263
88168166
36911534
92479644
93614925
44334603
80163003
94475306
85397565
42334047
87639417
47947477
37735582
62893875
54396712
60957496
22280409
21078130
96918332
94579853
46547859
92949259
43904376
29193489
43233395
67649613
55326982
55053456
44732625
52809193
23437205
80375389
59781204
51556945
19146273
46774418
69134947
68449002
10565491
27678737
89058918
81747068
48051997
70597595
13584376
84226983
86066041
43288900
23038501
65915980
40683788
41268236
52559759
11327574
84402792
78945634
76746572
26577958
24106576
60940262
31926881
29493108
63532876
18882486
49005512
48669226
33619988
91933066
24696714
51971393
92322868
30272118
45178778
83612497
71710296
90422284
16465424
90930727
37092650
11958720
22792022
68661566
16648833
57865500
78468098
14762473
89745705
42971251
77113544
30312909
32186714
58242089
50889857
38113448
53372085
54730151
20099475
14074300
11391174
26195190
89618808
31804797
17706233
74478898
25080598
91809685
89598648
78867899
60605272
98931447
32211417
92614588
85296753
49929033
14253343
58624605
94058153
13461079
52053217
61918546
27452762
50093252
27149274
50308865
50097449
97688253
97955774
11809193
90200404
59700292
41046184
71040466
41441308
56111418
36841605
70207965
35739463
85293793
13126424
51040327
51091603
63619244
85230236
20895060
59057001
40320383
50351052
99406290
40446777
18683875
46268574
80295538
20399626
27392664
38943412
84378195
89651633
77874282
82266041
90496620
14318064
40068472
69205748
41268607
21009358
47389308
60982410
33254428
51850686
82868410
77795858
79384405
61587026
40914261
57967077
15593824
37281167
17610847
91756154
30683734
14085124
85905408
48418450
78985582
40668961
41260025
35338085
47326065
91003420
79926655
70087875
19250190
23228524
18773025
66397068
50073236
94037318
58096702
46717552
35251442
27518057
45642960
20073164
21865323
66017002
62510494
92201519
87511213
32219008
73523700
66048607
71100463
93567820
92368936
76049506
29920443
23652125
91676313
30308559
86862062
87111965
42996301
60645247
76683494
26044948
19770959
10317142
62673253
67613119
12323169
27849626
46573892
42700092
32497323
36547456
99168595
27177250
52667005
22298584
17277264
49111213
33673421
21415096
68635556
89577676
47553162
49909294
17660283
44060605
57450645
79963566
86343274
34830526
12687675
10949337
20175319
67622741
96986234
82783743
95227347
75239302
69937899
66166118
82030281
84479193
21504729
31721518
36602481
25056524
64602701
64322859
42307639
76395427
79119328
47025471
57723202
99890636
32427923
78357212
33043741
34017127
32333941
85474563
29736389
20414373
47489914
36979071
96412336
46942713
51618964
71499606
67649923
95346620
26835589
67630987
42630645
79028308
21360109
40010424
84022770
95528488
35577660
20027244
47571530
53810802
98741940
69999273
85385821
81195706
70864387
38942425
76277174
63583427
10307806
47977303
93050029
87194921
91266658
29200427
60923115
91843676
61236230
98698497
81286371
81216260
73290441
67685777
97865885
14692571
42658370
26435982
81291813
39382998
87374977
18822536
79611199
62103423
40064052
84918808
76150581
53067678
85773417
76016848
13602484
96704782
80412297
15284492
51140029
71543891
66678473
73947868
66346175
99602966
57365214
37851463
64885552
34393989
22719880
59927905
86730894
63811969
62066196
91522665
83216068
27350169
18837725
47487988
73175190
45931665
20588848
65704548
44278966
36584456
47730639
23067384
37244783
10212737
31744045
41837901
26174004
84628460
61589884
80461179
44249000
47053672
90184897
51669409
23357586
23459436
28851493
78029496
20439068
38431001
83654705
56641529
48267038
24283011
69422437
91218360
95592584
93540822
20047149
22737642
50668041
17263651
17722256
44479149
19038954
43493743
49433909
47448331
32201368
68911577
13616416
10127997
30114131
98808515
10630829
33491169
91760514
69152786
16756563
76541340
15507984
60267490
88037247
30742592
13311530
15715976
46182053
31757381
99351922
34548512
22304294
27703857
60821000
51646919
65017311
58709676
23767537
34001063
23858805
71892291
20216090
92510093
35020423
15641240
66446300
12324928
82682584
27371368
19587941
96656950
82041250
68024354
66308341
85239440
50777220
64751457
10278260
95856304
29052211
31067164
41834415
40180068
80262184
39087039
20754624
14339220
83392943
24770155
18429569
62656303
26842247
80614747
58133574
31966633
58687726
48610820
67259791
44956815
26535138
72186415
84864150
57513575
40846119
82704483
23104527
31507184
13287102
17368782
70200350
87754158
94886952
63725367
55463628
92745532
70022513
99628302
89430433
38079287
83765694
56873339
43087347
17558413
76118206
79291898
87983544
84399338
29811502
31326052
76564138
25298101
22766157
49568801
42285060
69856285
79289088
27809763
15513697
15124214
78588263
40999759
96746626
54767159
20580419
51824143
65326610
53643187
79501346
55501901
79677863
42876116
28990421
55157900
12639286
59889616
73207671
86649300
72812456
84126470
72794098
83369362
23253756
27656717
87456266
43534247
31618236
28576399
44761377
85614299
63741805
57278471
92986886
84516921
89277245
56903353
37453732
67402131
80053480
33341181
23205313
70178260
16838373
79658653
45204178
86832277
57326292
55933830
65846803
56513437
68800663
31427088
17543388
29915011
73518168
19775327
10705094
17204401
50123062
31462900
62030938
47428947
24170059
18170975
15892862
26811940
85352776
53292038
80191044
86462083
55252496
63597012
80494258
29856908
91439670
56153595
68577642
55055411
73561445
95268509
26238214
74888684
23931824
56527358
40635621
41725467
73628568
32593948
61957430
59463638
32949410
30810212
31155556
62169314
71952712
79039012
16803614
57327497
72157400
30234069
64987545
89945026
19855361
91377909
85190357
19487040
77486668
10088484
60556676
31906543
21780120
73387404
81371783
54872387
19068502
59326376
11226202
86614723
49081551
53710588
55256064
12130789
25838459
98385408
87191866
66243253
45413202
11985240
18513662
79304310
69266207
32593552
50843235
30157784
90621129
20158870
39730799
59713753
74961877
71140464
32488758
68566636
66859526
21236655
35978562
78863392
44505278
85242946
45594784
37783866
98782773
92092813
47973118
56469667
73969095
20434185
81171888
72799682
23541630
81719650
89451873
72178300
51421456
18304630
80991867
26533739
90917843
42795683
61962458
11724813
17996879
43316172
95506783
22294237
86431437
54292952
36410180
76157554
11696488
39694183
92143133
35516021
38168349
28337613
95290702
21831231
80165560
47450805
22620219
40164704
40254992
31754273
47115766
62286243
17480566
67011768
43185992
93893503
54023021
68676022
19961670
69196026
96086509
36165376
85191508
25885786
54082229
73784878
31861626
81318724
24271441
33531848
16184376
22754043
81159335
54767522
39627471
33509815
62548570
45901784
79189703
80821937
63896098
41103699
47695071
81597988
93245040
72723615
31405541
87998225
43738171
77377479
94677029
24545665
55583965
44819733
50511369
50127395
69478163
37805242
76185848
67584591
73282831
72458686
78550819
63541808
99383674
67042709
86889399
32457146
42454284
55007894
76455738
55010726
80326448
43200952
96759822
32444553
49642066
14272692
28281871
32542686
19314242
61994909
37509834
67011489
76712395
78136254
30643215
92350382
51187404
32506071
25438449
87868279
62409928
35364626
22589830
73875404
40307084
28698116
58867571
67079044
33192034
27381419
12543963
47874868
81854742
92108625
68565089
62292696
75204228
45718626
26903245
56158978
47616124
61868561
74408756
67365671
67349173
34175065
12260371
30970041
51781269
21446336
62173724
42695713
19601160
96584262
81965459
70986974
80616820
92974485
60122179
55414206
29865557
95641746
15347933
70720091
70081533
24523553
35460093
40430874
73616356
32616309
38510666
89559336
74473095
68711244
88290023
69722907
27333110
40965445
35191541
49600283
19079700
42691475
12480872
37583344
42064301
33014554
80065130
10304398
67752936
47689952
30372423
80224310
66295654
86388741
18915482
25783486
87400308
11965387
45274049
60373571
15320324
52237005
43280902
94508337
36441804
80608233
89384685
79622409
57563782
44324323
69982309
83647742
71858809
91942739
62461357
24571516
65953944
35368867
63517472
29987458
39622385
16595814
23478211
96266275
95120510
29327692
43894835
14028434
25058848
60365213
58876283
41989116
85430307
35224107
39532311
84936298
18592499
49429388
74409995
66755945
67834435
71902268
36768081
78567656
45740664
20943712
11560633
32078401
20420764
35605141
91119808
68576124
72216564
51578393
23651674
20418336
15178809
70896983
94109218
40899712
35686455
30710317
28270339
95778251
85049932
20604645
48258616
32383612
41728659
46193758
56970804
31453534
16050175
30613705
46375812
18107068
39212647
91769367
81242113
87100122
37326869
90564048
84555436
46949695
74506815
17959637
86228211
94342554
65396368
17850337
57517580
69319821
72522383
43836853
38442206
91977140
70910896
88295854
39508968
52610497
41135029
25341135
34526083
48637047
75031956
82987082
57076936
36217899
51593370
99828736
50211266
90882504
61878134
42356056
88627434
44030865
11639330
77956923
90432725
24893422
92343546
26294752
56986207
62576176
94255536
69206822
94128793
78033380
46879123
28482124
72223722
64478165
28729954
84319682
28086999
84159633
72330147
40839806
10358825
95453636
25023743
49193811
84414360
42207343
49988646
95358212
59067067
58797955
19287353
17827065
26385076
22768560
89956022
45475955
85162399
11920268
92500393
86801991
28660335
40936193
83553177
60690191
90193945
11415811
93215360
50213835
81845485
56877071
15811071
70717004
82306102
27019890
75020068
58726843
97483838
87241250
94727629
73467353
66157380
64009048
31619857
29498566
35967172
34104487
64622326
64511079
59320286
41115993
40563396
41566606
61214301
77191683
19487304
56031494
86855893
81917070
94035031
66362137
80471566
98472464
41775657
85308541
16888282
22508081
88135517
10775057
99696673
46678473
93992066
34951072
20058983
11280835
45182399
67416755
64756294
26843164
74593167
15901832
44896551
38917316
82836612
44528539
85839728
36858024
16512943
57719203
16757002
36164034
11904605
90764864
69161277
14274268
28447723
94747805
65511496
27567407
99448120
78674119
52039281
20642305
42292990
87243573
47799155
69346351
13221561
25549263
90240264
13656177
13581656
85214987
34605117
86180882
95937940
55137328
86964595
56657382
95440318
28943696
71363337
84479423
67614760
52849567
55650824
41386144
97536471
37034613
43935595
77569242
43021321
13751653
45572609
76250308
10262121
25418953
56091229
15280661
80158500
14764520
93798789
61160982
72571762
37857484
62704630
46049112
86686085
95867419
74077572
90310168
86669348
32354458
52899048
55414634
96708108
20420157
32838245
57348438
76629140
16975893
76419757
12141416
37392559
33103366
71596966
67197486
31093636
80046275
62325659
62891389
21101998
18769498
71226557
34995186
19619624
55396198
61312879
75346815
21288600
55291463
79598135
65833731
25729579
13248716
96673903
88482833
18259394
32222927
79741178
48015162
39697087
24628681
45213587
47564606
91546912
92949599
96321800
86084764
53156893
81102144
79529520
43783093
56761243
88357966
80479241
51495054
16699815
31694950
44532728
66244251
62186588
74442338
40616678
45564668
58678143
72007962
34600738
38905009
47075617
91149801
10805118
60473277
96541530
83768735
74226493
17175367
12578382
47516668
91824081
82985819
92522520
54963766
63283930
26438489
37885585
93485625
27590396
31365620
73367958
93109262
87835571
91954663
49111092
65396707
61333708
65419818
43057241
56025494
19770826
84705942
13400100
51988632
73843185
47719597
30860359
46571451
95703070
68536754
79793065
40890793
44351223
45768629
23546733
86403017
18150524
49577639
49663659
89781509
32133813
73593605
14698875
70933032
39633916
78152910
49068095
97555596
24360710
88987550
95562048
98888671
41139896
86759740
17114179
46786932
69729677
21818190
36526850
91409954
66365938
24626905
41256577
49982815
39601016
69661233
40857105
26644495
23748621
29376807
76775374
64682037
86561344
26478234
27694463
36662756
21776469
72726737
74959749
30916545
22323152
44922195
45808246
33067672
63902110
25825403
29654906
18334326
27146428
88017520
76165879
14911719
39477913
62181624
21363235
33329709
13801497
21086515
57845027
65080077
51022572
73415227
47831277
60733317
73149270
52859272
21358025
13901882
45153273
93056386
57333976
18024929
22078343
45384626
33492852
68885028
30783242
14924655
94297999
45477729
63816350
88994619
12937132
80118354
13327654
51521512
58082465
13328515
19289295
41549013
48474861
19680525
62637325
85283735
15164372
76820725
21354917
89881282
40833287
12657349
41690013
60427369
27561040
53139641
61147780
86928815
51545989
36872138
73297183
31349416
71027330
51826223
95826547
73384935
44333923
33924775
23549746
77393353
78095478
36022673
74967524
84537081
93998587
46062031
76060139
25223186
96694776
61890610
20878521
98841607
35295561
32244133
84637908
40382420
34440510
46382771
40608358
98676539
94101622
71370383
18442922
12621551
31817471
94015107
95958092
89022524
75233423
94886479
68721767
21042306
56687721
23103470
64474094
85118125
22616618
21887118
50462210
13531018
53059367
40549063
79589121
16658767
82612036
42021977
59509578
72116879
77685110
27389773
75895752
13962302
79549459
61572045
97344150
66988681
96675295
81527332
58754672
16288595
94283863
56460378
16766118
99376646
43381736
31469796
96419498
13206669
97043863
61354346
47824061
50887604
90247277
89279247
51282876
12645352
24515057
42316976
44405140
44086937
45124188
41708438
87150233
38761843
97636393
53749488
91994475
57880531
52606627
90931626
85959076
66338967
30242554
92325495
45125797
46887544
24393581
45830157
89081428
57398459
60629043
44421779
61603321
91487370
69281094
52067452
68951989
71308388
60951580
76957975
35011730
66942723
73557499
94108400
99746852
88524414
91569884
75743047
74231324
64613051
71221420
30792916
28296176
58587111
42112051
63764360
76360356
98247432
23117615
45155220
22833504
28444806
83507584
74487553
92438759
19485754
12575910
66241696
11379992
99771828
75700780
92767101
21371029
74323467
17670381
77074647
72161101
87978153
23091111
63078361
21598132
19954314
65484821
85483749
12612979
24450911
32321578
23309912
27743895
65524110
21355349
58926350
55630693
93395272
30540037
64208871
72131613
98616404
82329923
54433326
59275105
92188684
94037789
48608065
37931482
42982928
67046903
89241314
61577437
97967494
67625566
37491033
80672237
93587401
14763759
93954773
20762887
54727973
77522694
66660220
92360229
50061802
89730791
36419431
99394690
46296399
63140845
90254208
89446584
52475255
91147759
53539113
36730521
16595046
23516546
33508731
73628092
66838237
11538856
73827941
13758110
46690674
84674563
42795204
15073572
50394280
20397909
36750601
58187384
27434057
36069162
20415925
69115755
63644637
70497875
26156737
68880614
55084632
11302923
30093435
81049756
60206071
80577582
37609197
22117049
52970257
68848428
50105665
42828454
42393810
20563646
31432844
32771968
18972276
16212466
91135959
78513469
61341735
37734341
89791967
78633328
40191658
30324759
67701863
41980220
55836322
51918228
85832602
41900810
23866631
45287230
42257483
30477424
15248049
89453350
19948350
97922052
96477138
26341859
38283798
23068666
92548290
68431001
93914906
49284619
71707170
33424979
46359073
32666917
49781012
46894154
88784807
31866074
83051236
34502392
79028811
93921808
53852934
21694151
55990068
71770778
30972123
60451463
34723100
20554762
71036702
67556983
24465707
75105728
19146372
39521065
80383399
78513052
63250462
33669881
13079983
76477575
32297117
15490841
80983422
60140001
63514961
25570879
29432598
49917175
51199004
51925894
56538421
55058950
80827216
10835807
44750788
92103599
48823662
22824947
60168684
91131519
59080921
77885200
46496776
79206746
24668372
81870466
48166337
25256086
61889497
92172330
33985579
59511439
74096396
59201489
51246552
57417329
55992689
98417191
56099302
82397171
14240704
39576801
51978038
19546760
69337351
29012450
26560970
12618125
55749201
87324736
19231517
73850036
46542374
78869288
49570485
66129425
66032720
34819563
90567823
11298817
47055028
22975189
38534240
66118399
52231250
57367439
49354816
24835324
29266329
84079406
19194184
20151238
99947263
66323420
13051903
76400372
50796344
98763791
64925696
40878641
37517293
76052922
70980956
69902052
58876121
13374160
86825874
27387737
84973656
37902004
61653960
68469265
89613220
36374769
90623813
94567168
73000219
71594961
46445562
46287540
30139854
55242754
49512373
37626378
27932005
54795765
81282548
98475611
30559508
31457968
82084925
38773123
81327131
71539025
10165056
14477256
19637281
47347929
98471668
45802019
91435507
41376586
43870141
83805844
71946321
19381054
27420546
57556186
79253617
83512023
76068802
67876116
43517589
85755008
87778452
14980654
91746478
52088067
26129984
98971011
83515764
27510190
29314513
50150961
15551925
10217476
93987684
89088596
37139126
55676118
54288200
63948050
21695916
98600534
46764500
90930609
21733555
84847008
82082160
51950923
18283578
35386459
67752617
20894920
78567378
67390298
99391805
23700426
63120375
20673541
22817819
85558920
45933063
13734189
26084026
94310484
70854501
40894847
43920400
88158012
75551566
88382185
92718506
52850420
65528572
96348183
70586599
72882382
80455506
25956778
55381416
65467071
31267277
36488292
94799247
99286368
30187168
44478017
68579831
40061490
97049806
75267212
29372114
83441500
94975432
46271191
55713056
20265479
48483238
48609407
69403722
46675355
46046463
33676854
79113527
43556929
74697967
49870698
28275621
65254515
46751990
65133662
42708421
18375048
85589947
78565519
82849129
65984512
56451064
96468787
22689646
36594535
16317570
10486085
31208519
47859832
81739956
66276192
67506463
11698047
44032939
38009560
64459271
84554365
88598553
73165434
49446220
31062352
33554397
23271843
22376835
51630999
93342093
28273096
86924618
66548387
60968335
88559260
33850737
78461171
10203741
30197428
92108369
47910298
16546149
50972758
38133599
56889629
34979801
13639195
49949626
61061584
56799044
38059083
40089288
15763304
77897035
86841220
28254070
50530505
88800036
47118187
60301811
14059472
87797268
34899186
74332961
23558019
87169573
51564802
56740249
18457919
59836443
32203239
57060518
85900863
18733679
86270513
37126931
35796153
99867067
51494272
54718408
19709850
67716802
44493592
94728566
46971091
61163276
47019242
13304331
54341319
21479857
12536147
28374713
79913156
96857983
57777857
32935844
37996982
46436694
93595263
22090925
42470590
20224503
88287094
63792160
33945801
85500129
55697437
14810835
96594704
13356375
79776736
88233734
62941775
49022254
56023155
79376499
26575595
56986901
78698857
99323359
17436282
30214227
91503051
58373038
79426366
20503573
72917381
93874231
68684918
27692298
33602776
13001827
49231663
55783456
50453255
98214865
41656268
98435467
37020967
89045896
81724647
74519206
37727686
42049160
86755323
80203481
42895476
97320052
94998619
63028989
79286575
28247951
71015647
44387288
26371707
29237444
74931191
39157795
90682625
80697118
83195967
53971285
38877138
50511077
97433953
15527099
99209961
27878076
87679153
34628762
76879353
76987645
11080154
32064900
51615881
79955557
81004102
12899293
44859971
67063367
14439250
58626018
87455599
83485645
99515713
95441579
92381744
64180760
75992016
71090747
63567964
24879788
43196908
84412604
42422319
95987695
94315724
64894316
19095271
37799360
84731808
83671339
79155278
29724609
96886536
39482791
71570904
49252365
81937526
43029555
27760781
23084045
16915365
40638173
33455264
63114647
14403045
49777738
22648639
88200708
47873793
37894995
71639495
74928500
19822380
33769286
25134504
59592271
43371729
30336036
90180513
59500033
65801842
46123355
82975674
84610771
63589171
51656682
79454897
28590491
11605621
89625316
42697265
66496446
18806770
67227303
77769332
15425280
72475564
24082722
28513572
95149968
35160207
28590035
25804986
71346074
55422936
56239822
77794831
18826660
71869378
58795319
35685791
40984068
52296080
83940225
97462764
75645798
35357452
39149214
27974270
75494465
41631789
38099668
96230248
64424189
52335925
42102628
56093689
12899167
34254801
28275545
16221604
57283372
71982124
33989273
83810699
55056818
40536069
28252852
50440643
66244981
49186253
47387054
40504166
69844929
46995197
92936949
17439964
57288133
62000251
33886740
32129993
77527508
44623007
48675023
96240699
47128035
58763258
23890453
85663584
33889463
94870430
26741803
89936086
28167182
76906933
82037217
93647811
44103494
14559354
87866942
79207060
85136302
88468302
14115790
22470537
65699910
65245346
20434405
80410805
12071805
63762462
35973182
57008133
79573946
87855609
38382484
65713133
85620950
55174317
26424516
33773283
19716817
77406437
53890488
87594784
26717892
65468643
49200393
44336344
32370101
92513993
36459945
77288464
68952769
11822582
11472394
14937750
44385664
12023250
35835220
49412247
25970363
31109245
29089782
19147092
77944085
28772237
22755861
60552794
35850947
52223424
54674190
18401281
80946601
23963633
11873130
24710650
85382923
92567933
98220057
21943236
50340480
67342976
32968197
54699964
70151300
51937209
31900158
85550179
48672231
58232801
79245064
21274264
20238533
93357395
36264632
55903453
22705298
21170211
45957298
52564346
19232105
23030862
87176462
90294336
30931769
98192920
15851677
58644510
94493710
98391613
59234880
24693510
96609253
86368906
32602526
21669253
32338850
13249571
41854710
63952312
20302326
98042699
97058465
45257648
16936166
85431112
92050698
34254091
75991730
79230056
64927030
89191401
37148269
59263606
23304701
95322931
87611812
17015266
73352300
91028010
60185761
35119634
28893826
34710759
44924019
72005591
33589674
84659870
91742175
39416701
27850163
73003985
71212103
83500407
65297313
28653242
84749166
58081424
25560496
81628561
54139340
94381364
96593284
27276233
79922087
96259610
22369946
89525596
51863538
84492264
13433447
37642193
11411376
91701339
47193827
15963001
78505311
95742741
70477783
44441628
69585174
61801583
37626756
77582007
51670454
27974790
44966014
57815556
49489048
43388901
28135018
72297720
78083638
17027793
87541390
16378823
84774724
33176107
29696330
97493605
75853842
72255111
77925310
99113034
91851011
17461686
75315898
70964891
65438974
68690153
85948875
58968319
96623966
88489984
83255719
41901169
38817590
31200353
99101358
20421947
25136977
66346514
41192761
44481192
31942056
60812619
17762428
85191330
22894140
53095435
84880582
85549556
80875649
78527258
40498192
94249379
25805036
85132535
29185198
50129625
42849995
92188976
17432921
93646987
60605371
66215630
48558175
86913899
40501932
15945892
60954348
54913350
98967242
37574915
93344209
50890597
11712295
99470210
55131281
49010686
28653668
95937813
79324819
49502347
95822440
46603007
13469496
13517736
31692150
57122283
56501571
45339936
96223868
85411085
16969421
40240119
60271250
44879368
84230413
18904583
56983703
12626737
33437196
97582414
81333903
48223227
60165736
58989217
96344140
57826430
35466409
36202822
15980029
26128506
27427221
62338177
97740038
46442912
35076165
99822855
15477077
51515231
25112964
44623380
85294879
48353802
17256114
75506520
90562154
35318244
31613957
68092845
42977955
39085982
32717693
32041796
83385866
51447306
49468624
13849447
12523542
98416054
15556144
94072320
76024471
55128333
63571428
10503970
95558647
28352195
10721221
17821132
13263057
67703090
11870500
40157395
29275986
70843228
69215334
44243866
50766534
43718256
85261340
29122452
75987361
95800273
13661174
24541211
15535055
69278652
92107512
97614477
83622832
90250328
67532380
40582022
58721566
55496343
21074025
49788954
13751217
71571932
10909671
47616635
19295271
47529022
90159449
99857095
85758225
21495726
99246430
19729805
54994063
61783919
28152642
29937887
51292056
20690545
16740690
62359095
51093308
10762667
93321300
68103455
58275201
42563554
74104050
93813402
14898316
40916736
82159668
39007589
95517387
76758732
34598879
80256062
68439006
52913564
71629467
64954305
32442013
11410909
74935224
68724870
99086649
98828074
98657252
52891124
29640700
71437441
52110859
27331771
99973384
63826555
29348387
79471279
25005519
17361666
62035337
75089654
10073408
73768256
18466807
41110635
14619268
10382917
54396745
78916861
47187626
87713929
40270661
88781176
60839857
12605383
77214697
28878868
57770276
56223667
62901877
56641905
11289514
40348662
62690094
32904227
55527309
10007075
81583704
88794142
16624130
31980489
85673296
85685448
41357711
60745794
60605788
22062482
48808799
51939752
87586470
75471982
67486722
14018838
30403007
37467641
31170694
20701458
37560215
98876575
87461360
30231859
19979364
32471306
95982781
11726126
65956692
13417860
92804286
45637634
67884903
58526519
65956509
52586600
45771436
92587339
64376699
20874539
14941157
32028177
47437444
46628293
48100453
66510099
59355495
54658100
26893897
66101031
94005294
90220179
53492316
73159453
26600219
85573024
64140658
52808524
12193322
82994744
53607749
41729372
14450435
88045912
43701068
83787358
35710742
82930791
50262190
20440192
48834581
64126378
66452365
10883514
88346781
80980434
95891820
42672667
30482594
62872148
88069356
86641622
80471354
39718848
30365808
93425715
92195538
33691590
21972011
41717484
63215220
20195920
84214593
31935089
68527718
99007767
16083324
68130012
54618700
37372276
47748362
94234801
89630923
94259935
53570573
12102872
75826618
99510811
34487264
22177249
43971054
65392012
50561486
70120480
48676024
57873974
58295350
76398329
24947131
99059574
80832438
85655850
96850236
34549004
91275028
27660815
74818840
97547363
57501191
50923787
38024113
43510165
63925951
75438336
49863111
59327313
65189917
53376738
80718920
12998050
23537422
71697484
50632377
65263537
26872232
87869598
20900341
75219502
11617922
21909600
33937474
44035728
63020926
90014801
73295695
74907001
78137842
19117175
51021288
82185884
77375480
39216479
35822946
31610617
84982489
22710434
98573717
80860649
28285615
95897852
49593868
48395597
97139632
63460282
28444283
96580880
97719451
99275536
49997101
18193306
95940534
39085531
81380803
95037928
16211705
70910879
40684314
58596206
62297537
79513026
83701237
66490651
54707161
11111279
79290553
48403153
61538058
28338843
94529713
65006546
18943988
54883828
60655699
84673592
30504472
15385162
74915382
77835642
66872426
54640867
92800243
47305869
46838693
81921225
90843092
85723717
93383127
70526800
36406990
52894069
44327847
73589887
12912139
16032138
22305533
32175531
58776896
42753474
94419152
54563398
33803784
82347124
60584422
65638299
75369559
63928072
93681249
31286492
67571440
66633684
58583879
99225426
13339708
27410046
61082686
34055624
33000821
88903754
37632434
70066042
63464626
96995268
37643205
27797283
92114536
31208222
76625086
68138625
91972657
77077627
82977870
18572832
31560298
70081878
42215544
63443143
48604666
49370890
68287998
26434620
80264036
86565802
15432705
12808916
13026534
91536101
35006055
17836284
66489122
71253679
24482441
42627352
28141480
69041197
40627244
89850474
71960477
55437589
23595547
62633224
20387093
91209156
17954845
91660202
71775403
99787252
81906924
34944808
22184669
23488462
11500943
23327194
52661092
50704591
18964235
17340665
65042665
26346866
79139491
16987766
83023157
28930838
52663665
55733446
20364943
90827682
79323113
98506271
36212973
96587886
91712360
78745754
81550103
98441845
24917703
45975690
74273956
90427385
16656554
53905633
76165664
92810726
90196694
56995477
46864554
11376520
75174857
53864673
95234591
98501722
74597617
22556339
93236588
51021696
97960386
29673922
46502639
53366477
88262293
19907864
69337207
72865528
11999796
83156354
77844749
91095442
91652028
54745830
35050027
58737045
54139384
52876451
86788522
85232963
75215237
94043845
38527900
32157285
69871953
46299184
16542252
40666411
79914687
66346433
35372771
48049246
33278784
79768379
93397925
22914806
74808607
66722999
54111013
38991165
12855088
42717358
23388675
27405858
67748859
38816968
64473113
93470145
32959413
22959498
15947051
24190594
75897986
21158295
56035931
67399687
68275482
94995454
44644302
42121465
16716013
98042514
33677238
50757947
58585725
79519239
93664505
32816195
20861866
32677955
46379432
83407031
55654949
97768908
51932934
16293300
57468576
25358748
69465020
52101373
39413081
95224379
42760860
12663432
75360593
59479577
74133139
86009181
12912325
36133216
51351213
50404708
19690170
96955042
46755355
53122816
83179473
93459671
66221205
91095533
20586199
80831960
86109592
59279422
92149237
39618461
53591257
34548328
32157917
24250910
99199240
28119987
54862235
23985215
40494026
24231417
54956258
43449173
55155387
26023585
97776907
28235484
54428889
23540779
29631095
55626496
17774893
62906141
71634128
74725331
98615779
37016080
37260932
92711734
72760130
61386432
77444308
86280607
78990991
37119401
80751955
83407827
43141099
24997142
22189717
82437976
52645605
86736562
68644287
26591525
33911589
76391267
13660831
91801434
15031869
48058360
23862516
86937247
42560923
60235678
16319074
62085793
69376932
29440849
68240887
19177579
92583515
98594219
73925251
76573101
26290087
38230707
77471273
89481362
79584367
74513868
88743829
63148828
96638691
65973059
35473005
31169572
39629802
25983888
22803630
74839976
92780115
89825395
79024125
10705583
16505778
75052627
87379555
23169716
29304215
74477209
38937996
96297594
94445054
31410824
86789606
39343973
52994314
19145562
85556550
83154362
39906582
22858054
85085521
32045924
49389293
60884175
45945497
29766316
35181906
50689862
11063087
19678454
75585607
90781204
27084613
65414795
95338724
74127517
68574116
25092239
82190527
60951758
71032375
76968383
47343720
87380160
20391840
33236406
91979956
79401075
32491625
69619503
47607419
31455848
50912708
87439650
72484691
70075477
29092560
61378315
56914111
81990152
27084979
76024780
60321696
21593842
68203129
40471095
20693457
87116273
90561170
45102136
38515427
75548598
38499009
34801804
23253977
95478842
92689850
77901853
60842370
88598307
60113666
53497882
12599437
20577231
11189538
32266232
79080825
67691348
15956305
34532040
88054656
61823143
31498188
16199108
85896144
24962823
24658375
37607820
33783278
62893314
92723564
52318849
46969653
58428409
28534251
78243298
77057544
96955401
48330445
61748904
95977517
68444610
61128857
43348577
57463439
81235391
90015690
41534074
97745933
12845998
40643418
62388582
40008492
34146912
83551523
15486679
36924910
26479254
11510428
83824343
44292613
30329295
15722859
41513789
43168137
55317030
33410482
55733018
42040099
17032143
99950150
84494384
19765977
75804065
24842250
85592698
60693798
30465949
96846347
67051292
51573638
80867191
22344787
90786061
23174835
93905649
52268621
76895435
68790331
75992720
61489276
61133948
68211324
53824750
79088417
88937893
92840206
80046764
57168413
69564060
53992474
52405395
22280184
85433198
45597588
33749027
45071249
59827376
33492190
44812683
60860352
74118737
79145299
24602822
21763041
52311786
56477368
95995068
38233735
55767603
19202416
47695640
14107282
12773537
48411681
81111221
90924992
13299771
28433308
32474900
83791873
98648236
51008367
62857129
32426980
62508211
36856162
53354952
10883598
25028014
82138175
50720849
43646040
46415409
14345756
94756007
10416399
42319251
23421668
15597229
17455113
25545177
25595727
44378755
42146754
77289613
88264012
35852986
60600675
68802470
95554270
18895734
62366338
82826409
44559230
39800008
74343015
59861418
53742508
64681615
40630457
53851365
89352833
79827222
54156670
30105297
48200188
62677331
70991752
88325400
73142479
62479868
14524226
72280114
14393798
74363409
34135888
91217266
22015194
47064407
52392486
28615577
17605733
49102112
69200402
76227853
40616515
76582060
52054532
96965862
40119607
61958868
45416548
30005906
49949853
73364261
78299604
85176930
16493630
84638124
26607998
18909943
22689513
72574760
92273735
40815767
65252598
65264880
53902656
85780380
94556501
99612172
62441301
77841169
69764715
74730721
48043842
49858490
97554388
34408699
34330560
88882879
25352710
82824041
21735230
14081487
25208107
65506444
71496776
80787803
72880139
51244893
85777583
81304255
60008204
47048096
82010442
46937342
94645523
78321279
80551409
65124320
56780181
85487265
84652502
62366822
51692906
11568621
80361582
80751979
87840060
55967687
38638335
36024128
52095888
15363329
12777619
10042879
95585953
88445804
98938015
90815349
22121295
76577200
86694492
86462178
18010828
11785880
16134392
65268221
92650109
99624021
13450801
28960026
16172492
15965766
94625821
90214789
22551741
11929137
61561676
56369323
46755578
70246646
55421272
41219085
62800882
39297853
23124919
52021326
52980398
50800727
14292229
64776873
47094127
15925391
85311287
19743348
30015998
68864407
44206095
45949337
89846573
62639437
98916762
21020912
53089898
90737469
54704647
32536501
86445701
80271067
16871108
51620242
19953928
42022343
13446738
94399899
13301561
37084239
67999777
51028500
53748813
42434194
95189756
43526278
38844920
36506798
88074010
87377753
10288236
53172091
58047442
84425022
79619133
96962673
59117350
20879312
13648456
80789785
67976057
73497908
30778019
51951162
61138784
34650289
43874174
44183741
47650393
50694842
65463637
33201194
66064094
52473226
57046356
19392641
42163255
63188321
56319983
87577111
89687781
59872341
91082302
97511092
13786716
90417827
23069137
87518276
77901825
22156218
81283640
56127165
74798390
27250301
46327384
18636295
86942359
13638620
74042534
76235970
34824732
31200139
56666327
10588401
83077952
66845379
37545585
11556566
84075177
80361802
67044785
32210489
92940133
87928428
41089750
92171474
53355720
66035795
86501088
38565110
65761311
89377461
52237506
51701209
48171031
77826164
66142081
89824866
62268511
32755798
13174221
65798105
69909508
90783025
53231537
28511050
83113559
52696962
40976415
51457907
82449099
55561001
87000428
98091791
73309376
81116854
91140200
72738067
85383059
94853685
40148275
51537523
48691854
69851225
97191779
99544066
61891537
79755566
15805413
61164375
74407381
82471602
68880541
62774967
14476357
69258343
47096129
96276049
37147707
84627540
97289111
89081010
20022288
12031617
69484413
22068389
67004994
74955664
73070772
74433121
82058758
57901600
59229663
87283323
30686873
79788408
27351149
91551652
78156156
48433085
50497404
51660707
10400028
50547723
18182962
15495014
87011255
95602557
37860077
29231292
14831483
83625640
86712475
58623546
84747028
56527768
17798423
68646783
68541797
87496877
56815233
14255384
84440204
68811872
57221485
94872339
54367743
28534136
97744092
21172402
74293947
66416122
87367703
81027041
64757046
26106159
20328680
86515754
83193215
62908953
42271281
60946811
69400658
89637330
86050162
29005813
61255978
27928954
51273187
93910107
41223092
62009888
45154109
68268705
36284947
94010483
13783901
12755277
71165016
73240646
87914014
85185851
71970254
39759628
30134978
80696556
47858211
71900543
38556609
85480270
90844470
52640696
59421531
28282085
19164408
51218518
36249891
87068712
62365110
40324056
48405143
73550389
16855051
51750243
70343199
41405586
90190387
62427327
23409909
87963716
98204031
35540365
69913223
92519340
58190331
12856508
41743611
95628665
35144721
38316833
38287911
35952790
74279789
25437592
65599969
31858939
18753581
51846181
58314542
47445761
27845711
96666709
83465497
95618832
80232335
38576563
18172969
11190464
56317002
72284912
25844606
25726902
71632246
59446756
15184771
11481381
16762862
31706943
74586567
16838989
12957876
86167496
97662482
42227311
54889132
30501717
88380187
76113096
23758973
91499514
88926679
84366508
30983803
85674469
49779769
73758632
75554572
83283737
88691917
30391912
73668155
33123189
11005194
54505295
76994731
14282334
39633275
41057643
41387458
33649734
90712421
19615133
65887096
51933444
58621803
20642959
92123101
12135153
91319496
12360312
13624539
73003457
23069916
58366508
88974966
77008871
38176381
60385326
41374097
53199185
80391276
35360414
88501790
16137784
10843966
74474367
17064724
77810949
89340822
10202766
91917027
75861150
62406488
59061058
73696914
92367924
20825266
82351223
69827160
73542146
75719684
21188319
97703188
78968319
54286653
16084264
20250572
50536555
44862096
94290754
82277415
46039148
13679760
84320847
56154642
39471527
49310745
38943495
39070132
70706453
51648270
10669679
30550897
18977312
70501673
29288033
76964958
57916388
25878003
94785860
88047992
22416561
71471389
40000716
96401791
54171521
18193542
39205296
62679733
60630257
21098763
58857476
42602911
32552125
57604670
88153070
66139173
11029023
29838985
69125055
77735535
73370236
45424473
64713893
34209557
77859637
88722792
13336902
61762116
72871288
65511160
90056898
95629442
22311538
63482630
65480718
98037140
63707265
12735826
10223194
44469820
33758963
10202244
43875682
48095098
62049991
12111341
89326768
48455811
12804131
31092527
78812046
73045568
71531183
92744272
88113784
65157681
17829353
27053694
38003583
62921078
48651422
16281736
60087404
92463293
29154513
74406830
73833722
90538313
76135069
83791093
30348244
24930611
36217402
85484712
19880874
78662388
65227209
33791183
71372939
17674900
54537992
30912920
81748622
44871765
29042058
10074848
45756134
96489379
26184124
44364455
67348031
79712026
12516121
51797731
49986527
89042489
33380444
60533507
32856005
68436024
32093400
15455068
59014702
83158023
88490898
72725095
21470433
98254757
86579735
65146013
14671388
38148201
76032157
12794423
26496572
19198185
45151624
73206354
64514481
17580454
70209094
72119300
15428746
27782515
28367383
38230358
20873721
51924940
53450654
71512620
64131800
92419606
79014882
31952394
21236210
61826622
56212808
60394664
74560930
27470442
85728500
96717119
94814145
91570630
96768557
41498119
16045514
42276278
16715834
13521549
86859995
39425785
29823261
36636231
82643619
19891347
35843766
46372044
75129137
99907256
54276616
57743250
30134328
69772006
42540003
33823770
45305715
74017632
26195544
69246506
36639158
32920462
97227287
87760621
53431680
83318292
39028044
37060151
23152761
82907931
98649436
28932346
86925867
53160620
36337099
57153278
50380647
69755566
83988502
64044835
58282498
31907277
93765613
98762482
21061976
66549502
83114228
42507246
91843272
24095357
82303616
88613557
33474305
56463909
46383567
93254821
22733172
68946839
27426517
46047426
45403372
61581898
74456033
12682119
46837736
70295549
93226215
30790463
72609982
45762401
38171047
91087633
37460054
48846517
68382531
12655485
74469543
55286066
10754113
99203377
58382455
31805663
10397738
33493292
28954287
22040453
63836841
90361832
55608973
53967522
87495754
29453484
28002066
79285968
18668879
26445004
13656476
65932770
87253028
18221852
56523978
13749048
18765350
35890831
75149078
57650909
30452256
92981382
61200371
66367129
14722955
21186969
44662893
16443759
47968739
52060992
98134348
98485962
37474876
32418494
49152100
25700917
63038994
20307808
10178673
20663996
85691960
86697117
10852485
89867402
86469373
70370792
38186161
35840540
48825487
95742143
95236665
69251662
79999094
53462370
96910920
55977504
23202896
81769943
98404344
58395329
68178981
96938993
29615078
22671844
50070500
77351676
51356853
50737565
76455209
67553422
21288805
45790787
10064017
13368672
68236859
67371205
65900488
45851121
38126420
30690799
17986892
38059929
88064943
41340883
74239578
65582450
75983507
78158897
55232981
31500629
53818907
41586806
79554034
82843780
15351960
56889368
13188440
98884616
16284467
46338166
28766615
99779419
78473249
92418084
66810497
16123498
75548632
26124336
76640341
63016898
26345070
15197186
87895865
12369810
26584600
75659757
81478877
19562019
95063455
81215129
70633923
62285715
69308160
52507091
34001209
69609583
39018622
54245974
65338422
29493292
28839566
31680185
15215706
52107616
88718892
85545181
63588091
80208166
60934581
35363560
34401636
56784386
18834879
50816933
80344491
93854387
99625433
79426706
85867108
34710350
29562468
89617241
14385474
67136120
23472207
51600114
46121255
47680974
42074443
14983660
56726943
34902890
67396911
94644274
26978491
90739587
17706607
67818605
11739680
19300147
61343311
33871328
38641886
40085495
98257420
23932042
46815415
98443458
43110148
15505375
55256360
16675903
84264589
70705349
92742497
87579669
34192599
45441797
98824472
42577061
52549798
75074714
42352697
23685233
73313001
18285296
22016464
25112341
98260397
52103124
30626582
10204285
65232658
94591923
95300571
49943935
50954324
37151694
53149561
13063752
31438737
37786754
39916655
93667477
78307976
32939023
87397570
93733619
67712149
39315645
69130039
38174448
23438772
89307224
33706517
97308723
80133493
83310204
66118052
11589753
11419328
27945869
99320525
51317756
15146798
68429483
94294102
83356719
84168943
15046384
78255032
38650592
45675328
41057116
11096570
16535013
81595804
95376885
51742511
98957876
64619176
58272073
62586524
96661860
91968354
17703217
50110966
50409849
71715247
44365650
57511309
32059767
55345550
33447812
39762459
91091464
71496826
64223419
51098472
80579039
95853929
31380007
71062489
12743536
71238763
56735340
77114023
86119041
42547388
76860711
67428484
47076129
60486894
17186893
78080308
34085507
24542712
99981759
54936025
25607344
11870095
25915607
83420419
58422644
63886317
34851075
49839162
56084561
30997383
43913529
27867647
62048105
92276696
38367092
21399499
12388999
36849702
60673954
19162043
54766919
97629493
40727299
22829545
60393381
27105327
31691636
83292953
96912404
89406580
61289694
63081254
40922473
75635316
76972276
61611704
31569629
47530772
38059187
24432482
47775907
56021949
46783923
10669926
43189714
45015558
10882628
17212712
23181908
10918203
11013959
81467805
30879649
75938794
64072240
68878333
37558687
77654102
37750829
75042426
57093015
19052918
42566401
75250535
52408950
70135493
51810337
85884434
30016210
25724447
47346037
58185336
91930567
46374041
91287982
31621760
74858156
50224951
67238498
34139253
40368087
12813870
74854813
88068015
63673677
53382623
81140627
83367190
71667552
44268297
41299438
84727352
77345748
15832735
57419118
94547900
32109054
21927715
55020410
12353527
18887354
45280611
46904172
29831512
11662987
85209277
92744925
25440954
44428437
79045704
35247193
32729245
16897950
30890379
54414547
95168964
79967356
68529292
65812830
98554250
83327935
85205723
71851180
10425180
86955407
22585511
26125658
73589750
27584556
79885565
78054646
43867027
22981358
48187758
20820210
57024186
58565895
20265294
92699764
51580340
39399927
45657613
85916377
48315810
72832348
84343536
60513689
20936546
66663048
75782647
93436325
73113074
18270033
26573977
86036242
48077397
30090661
51402114
53653394
75509018
38087417
95597136
19344596
53588186
55529297
43419391
81663202
49217825
29530170
65351156
92811940
54980102
45979725
18333268
64555154
75630188
76757115
54125004
46382323
50483556
71942395
90099816
53225554
82062547
48558299
29348812
73238385
20615077
89862526
56302885
87615759
19244717
76434345
26160265
84878754
37421626
11553522
62835756
29804881
48885238
45869422
97144926
23598207
46638154
64185125
84194258
63110855
75480369
61774206
66769608
53360698
30402731
62556977
11227098
37566017
68604991
43276455
66470652
91530079
92983479
61635182
57676887
67796411
71320388
65230846
60108774
35385816
78379315
74449949
52642533
98783478
18400371
35301386
56497107
29532885
81683851
70022501
65046908
75795610
36846843
51890832
88334141
65944688
77208009
28337009
37813453
34188125
99515370
47002599
21419922
93503071
62698894
77859716
46753589
66115833
64295020
84066721
80026254
30212422
49272840
23386672
24092282
31051849
33001611
84776550
34137621
69611888
47407912
26605949
22687956
41947638
44201783
84911152
76314522
78266239
47006641
84895193
98902431
28726196
50457286
71935017
47180524
40945881
10136326
16421614
40236347
95792492
96642840
67568659
58108973
81873495
29455804
41724861
93794371
16828743
55562822
36523221
25958728
92613689
74645883
66007422
33743855
82525155
48134990
90191501
47393392
61055797
49966693
21233828
95869907
25893388
44093464
60794612
23334335
10084613
12471755
17650881
53524838
44947239
97805508
45556622
48258489
47653857
45236270
64339164
75644084
44336052
35949945
78248318
11779529
59042290
28263138
14019135
39853309
19011255
32415273
58694773
38834193
75056442
22659927
29781481
84167839
43194500
82779681
14011202
52143668
16889277
69581891
83678091
41934452
88555816
44533830
84765565
54782171
88428480
69286059
10704739
57940960
95211806
88500338
46924552
24874525
83580000
53016864
97362809
37995228
80635236
33574951
72400941
73190917
15415667
81992627
52330105
73553979
77192181
75612769
58454605
61054844
25032376
18747265
57556526
84967997
15816215
53796343
31270904
76013682
53797610
77405060
65556717
97517841
63109381
67681827
53341592
47854590
40340706
49324447
80745521
65271589
88554395
72435527
28936442
99524272
67780180
55579860
14665331
90455980
73144941
82425103
84855495
66156768
66669275
17844570
98347190
70833075
61598887
12936267
61121676
17116133
93003679
87839626
35727338
48562807
74763923
18314277
28319528
74711976
15319961
29161088
25723677
90024937
59192824
12588873
31515571
99056879
26620327
55040692
18072788
58688977
82582488
81379876
96432815
82917710
23355934
55966204
87361355
25497872
23565616
65203197
45412031
95250354
24864062
57377514
98957273
93322888
44061062
94429754
73562034
41489812
17591432
52852983
10117425
54293884
51644546
17699347
27312297
34186378
39802696
38437477
68117127
38871327
25870624
13011428
26137047
68029697
86918964
86791054
29300799
46362807
65073410
54862525
28859245
83937650
23833894
73292027
42557235
44954506
69240287
77736715
19554695
95296162
36543562
46668248
12570249
73420603
77484019
38162007
97288996
57849895
86194863
52429119
65038317
65133387
88818405
65035148
20359492
29563570
35543289
20139645
29913180
77124261
10052464
12573270
51599284
87361977
15141004
22211392
35568034
84946106
37192488
82452339
41449280
65287354
15380107
62551263
48918614
32010386
74044397
59791832
66533940
22997293
20737858
62631971
11651256
37695515
49838651
60442295
89934834
84178707
50311599
27911144
29805228
28825045
23246028
34475265
64188076
22980893
96615570
76646503
72552767
61203785
16341493
74423303
24452366
17937430
98264607
41777840
31998222
62550160
77083537
49010284
77087786
73720183
28991384
11693886
98908480
53337850
48640816
70240896
61727133
98559808
27092086
75121284
91678818
76438959
31112497
83746146
45655924
41177155
99946729
53319617
89252674
12426044
59386104
29103563
92627716
52914025
58996430
24626920
44914770
48802069
11423908
79029707
96034769
36220351
53965801
32248927
71181801
28673316
28375951
92232734
54736984
18619726
69979688
73976305
64988524
80506857
10446634
36371118
97398099
78168147
30697731
57439127
83785274
64792732
17744118
72724605
94747515
47691355
91738442
84080904
52858558
77924228
63523126
13150879
37947734
33184181
79854671
13277811
15322723
32907843
69598377
13704404
99244464
89633354
91820796
28204582
49166753
67134201
68703221
47476327
31919318
86410632
35325007
72684432
88398237
62776402
13754715
83659774
64782323
66097011
30899777
36825356
88544621
24485889
19495134
71738082
72612118
77203530
34141210
22527477
45636601
75792717
34927236
86852065
13121251
24799406
64079991
62446346
25306663
24453489
84137512
31673948
16742646
27096944
70798555
60259580
20254190
21344281
18097006
71963970
45578039
61160119
71013432
79755049
70794214
90676262
75647753
55269026
32578389
99755627
47518351
21622774
30815452
38141482
22755079
94112764
83092600
64897672
15420650
97605265
66122569
49721174
91275801
75462094
16138793
58153074
89703133
30488671
70979422
94852023
51483132
98650095
69306469
58466164
28623913
59221397
76572217
92945211
14085196
78628024
15155108
40418987
87158722
71055402
25876748
65205587
42283805
35817389
15268007
18184412
44323787
65002622
26641121
57041803
80625949
91245275
89465501
48628830
86577992
70660880
65352014
47583191
96119209
32378407
13897379
85793332
84485186
40716568
35419739
57791267
82346579
85804317
46865660
93643082
80515413
68705949
93755581
20154658
97778048
17061426
60597019
24331054
66451380
38055333
83415237
22060679
18935536
45075485
57996804
18512469
45877690
86456047
39776579
19138213
82822510
47165380
39015939
81748059
52814158
89908984
64908289
35723926
21568168
34915767
61146471
64928452
18632332
29253464
69720708
76345652
82278971
50757241
71989428
96045911
22673123
24863609
23871721
31917614
70717615
76222980
61662115
16613104
18801796
22467618
77341967
42285468
37875208
35401366
56782054
78128443
32660694
99298829
37755838
31442891
68334941
73972022
17843830
72963899
82677233
88138801
44105888
16579756
75805607
58623355
55644669
83559349
95233817
85493104
32086885
99333332
13539981
71456087
69172201
43766158
88837742
85652397
94435955
23674463
98623591
61337388
79943757
66087590
13722697
60070784
90995664
22166829
62217983
40664504
94566782
66512717
17814844
48742308
52641071
65724156
22318110
67586035
37902984
30369241
52636658
12988464
13556968
21796283
10931167
53358530
31750953
34613482
42742572
13512572
81603846
58403490
24911150
77623863
86928690
19094269
81660436
40945219
97497580
83012512
42966434
13129201
59927568
37769979
11004254
72033890
85532947
67269563
50628418
84695759
60469975
32557328
24270888
50129799
10964945
16957598
85638736
75186373
62955462
74219976
23536370
19636810
17998233
70101715
80776316
29467285
20306318
22922041
24894740
54846017
77029579
38109313
13173450
92107999
96882240
83601899
25834131
13751136
61723077
68606172
54208276
53260648
54833516
72817494
52907914
66669917
20147176
27218606
97356233
55258194
82309409
74113151
11153619
45629488
20975081
37617749
80309136
60453724
33455636
64908228
30240076
42190261
96999250
14138921
30422432
50646660
44235164
75594774
56363485
98285467
84156304
60106358
58887882
90690442
35483525
83169744
88081011
84692715
61523669
85801230
46144118
11237725
91794296
79522126
65132425
17459539
78069602
34149765
41501894
71004451
10323894
82125252
69144278
36787631
63066947
53059990
85829292
71811017
55405639
99636921
23939121
80250791
91712666
70942585
97245076
94876987
42486679
50983171
32715132
54159382
15606968
10055732
84473522
51001700
61185924
98015023
51986846
77582816
65267317
29701002
26366754
70801841
68161561
69702430
65039528
55135819
90901142
14697242
13759133
12722568
96234321
56254969
27560992
60197616
79636064
21521990
21476300
80969204
74203099
56587675
43142860
16378713
86954819
51541328
44076088
12863958
16254071
23688150
58661000
32022204
15615634
77598770
71893683
13260589
55521724
19086091
42700278
74891516
79393959
79946902
25539517
93493131
11529536
79781967
68746417
41577923
79906608
20562680
62952861
68290767
90377937
43339597
65102980
32656337
55369040
80137818
27162146
86218811
39302865
47712448
81789870
26614389
95972635
12714816
98620636
20160191
83366445
33876892
68048256
99112009
83541082
79653947
22353503
11002587
44016621
38211557
51509445
74540487
90587985
49810706
23365946
18345666
28820562
72709715
97086551
11055983
54389304
43855974
85350230
91584170
88715047
16893401
99625868
65926929
48732496
72189410
40742492
34070518
21811767
48926334
12111271
15125254
70798098
74442138
79499699
18903526
90380371
66843101
54449771
56748974
84016240
11671000
35425145
10894330
16483492
30570738
95391110
84500106
60315341
82891781
33538366
66083247
78485475
19412978
41371948
76730097
75925700
71756961
20994225
59020112
79625270
50458077
45961263
24745478
18873762
49054069
88523658
65917681
42950515
75657481
76553320
58289443
88552979
74958795
65614576
24333764
39403084
64960379
74878576
89666958
31061847
29525485
25448694
33352950
78792694
22255127
54651044
62411483
90797821
36366532
97375086
46930033
10018716
53937035
80291277
52160868
35969677
45855177
79973632
24360869
32010708
74997628
96768295
93337752
49772532
93288040
66937127
65476662
54707635
36052773
49345712
35901955
25867079
43430613
86242491
84727578
12577729
97243387
27651631
83488376
76849229
97747466
51986998
58274123
32933096
35108302
13978279
95049874
76256218
45483713
26633859
85068282
41608361
72911673
54182942
60497134
21613907
57329160
87784107
24482862
49703099
41137077
34922184
57563391
15889429
12410465
88360673
35975790
27815765
26389311
89487582
25987264
10354884
15841380
19309545
90027406
54416021
89591637
21112935
43398479
51356885
64651258
53015624
34277708
74707093
75035824
49079312
93133604
38464077
77699680
15213874
76507724
33820828
72913410
35621122
30063320
20448328
22551309
43506846
38494363
85984573
57813157
73899610
14542060
37285597
26905544
94798271
30668534
85291549
22114560
66328166
11305413
98264845
19455926
21958404
18916857
35517242
89040541
68777051
63146605
79657794
61117810
11789426
49839792
40350991
59589176
63949330
64642475
38696699
83190943
75885116
48959983
54624990
10414127
51889326
63452557
22367141
38353096
94384283
64140405
82936063
61814805
28687243
90934528
79112700
29657540
15900920
25539702
83656315
27457732
56570153
87217007
38358282
44842341
14863735
13089738
55971237
68575117
34481093
89544006
69417051
39534191
39479569
85985151
50552627
27579466
75420689
66566938
46082167
34104827
87741440
99973859
63322392
16977101
66371768
79314759
44071728
16639327
17396468
42221996
34126328
89108747
66548892
13212803
66841045
37299313
86347602
63844508
69571946
45370809
41349446
62997606
27724716
77290435
25025477
14659129
37380633
21150572
97747982
30308565
61070682
29709130
77432673
40380317
33904857
57705166
11569052
53848466
11331030
73921383
54860581
99132548
72768920
81334164
18230144
32862598
29595420
68632037
43379954
14465833
29084519
47013831
59064698
83712727
54763394
34355953
82015229
93012741
77549394
39085140
79267889
87138460
55702500
82499942
31512901
91967987
20022536
55038086
26058190
97138721
94852149
53600814
83309470
62269202
57315546
34944744
76299553
11140879
88562197
36509852
37509012
87575845
21707075
63905426
38260459
89297581
51636616
97747012
61331596
51786791
37200701
92272674
40388274
29882577
21696886
68200280
35262131
13792211
96801157
79757164
12312154
52018831
36939155
64461370
80564167
86601915
43545563
96996780
71542877
15256465
37954951
84861364
96660408
75429301
17932953
96667469
61429349
14642549
46125307
63998494
80941823
55093386
81377512
57130825
71228632
27625290
68911832
48253046
89900070
91061826
36317071
16434904
62790555
63136698
84663357
55889561
24842744
16218690
20201350
63613246
10314072
76236076
11336829
13248533
67706000
60349112
11993490
58683924
66223118
54058146
97158540
29734526
62750733
70551388
76711395
69816742
87364066
57685780
85016641
91512566
80536064
85708393
37696016
58258958
26621342
41319194
69712555
50751780
10557246
94997244
87674943
19061824
98220678
83112292
61753338
50148910
45188546
59295785
79327686
94281928
36884944
40390982
88342044
82878187
18820941
17994566
21846315
15926769
30364909
56882623
53503245
21652624
18396624
70813045
25305522
18652571
47196135
20373847
64935833
13846466
82772720
16315985
60900879
69635736
97138494
69173603
67329572
82145792
58388923
63459450
74110014
57347306
58033374
32442769
70820045
57413145
71213578
27207978
50975858
94264164
30188753
40766267
52223344
22978785
69673902
65920277
35419820
59152634
48005278
73957763
10407019
64669591
52922799
22002425
68076114
69565836
15275305
63788009
36775210
56170557
75170488
40084045
60941159
81812228
20521938
76768468
47530141
74157014
45763794
87475420
26889124
20260930
28271262
21720870
59085166
46284804
65668414
62945963
29839728
51261811
47904207
34525557
61659922
48321754
56840934
77724603
94475799
20658392
94451643
43234901
28853177
46060552
51202586
13641080
93954155
44133094
10884887
81071947
39413275
34377159
53155026
58210963
55861599
30777632
45446853
84883418
34296962
42767694
15659113
71998124
45224607
35373012
94344154
24150925
48098349
26689548
26144924
37393412
22170292
69258957
27064782
44359599
49841017
27182633
37216645
34000415
52235960
33582298
75531125
66614742
91738197
28178745
73841540
20072082
25543506
19374587
43539145
92505323
36363545
16821732
91406965
72802640
47364514
37596827
50887284
92733748
56427448
29203830
75872915
76111978
29808434
57438842
45238346
56556317
65026200
24078234
52001002
28097974
79699212
32771513
62486758
31836968
22433095
88275573
15349245
50526454
46607101
43439021
93829033
59392977
37213340
39154970
78012318
65836200
36875217
56909293
60663181
30423566
26408842
70691210
69488034
71032960
69395744
28481331
33626326
44348054
48750313
50478062
47741380
62859462
11558798
70426734
52081375
54389449
68156346
80971171
76911623
31593956
53097705
67841940
30555156
87152237
47603384
49180980
18842656
14041325
14585083
19562336
22284850
82342148
11762258
16905236
12184514
29417311
75934677
64066999
19631179
48167484
31157846
96198721
79438281
83003399
44964556
15906216
66793995
90286896
94375177
22959220
27626904
92009465
30900215
22323465
37236675
71346315
20635090
83625751
79660806
52091339
59259131
21118400
58194845
80235818
15602832
26083357
57174379
96186821
15708267
96616890
68480898
92182940
78581135
71901153
31404145
56048165
71153168
87868243
40371277
27160109
95709666
33152659
30415262
88706871
97265167
89951158
84077552
60629272
26407225
35026803
36898765
15626640
35873568
33576238
46275971
67913873
43640865
91683605
15109624
13374133
18235442
31906084
57362663
41679850
69617828
57241492
37373055
40030193
51821730
75503228
61125732
41988369
68416855
91353616
67678509
13928165
36891654
89058174
43973215
84307205
53576592
19858117
60644112
10281728
97899913
80358100
13312759
20019580
86869106
76232382
26735418
46731169
75195115
43258125
11423366
52515579
95146513
11901490
25464948
14670571
80037172
33088471
78310590
63926410
30938547
45056877
50061616
52847756
63428903
87760474
72824408
10545111
84420168
61715975
86998437
98385987
75489520
14141464
20948431
31223711
70977574
38953000
52577600
53074837
39470599
71499647
60474299
67015240
88593785
83029658
39705657
91610782
98929042
60356983
27959407
18638135
14921128
94668865
12142785
68888830
68791234
86710818
17828236
12309140
49118112
33732692
95719436
47707894
22655526
80193584
65044085
67617540
65193317
46412760
86145993
91802938
32444886
64156043
75763929
35896788
93755865
77142048
68296883
29521748
44153447
43689667
94034108
72282875
47851814
19576696
54335060
78880110
85835549
95459904
88125598
83715579
80833601
58499347
15979749
33745880
34424041
94778820
21511156
88578440
31018465
33780080
90657040
53364202
20105281
13168254
38535760
26504726
11051931
12179562
27701559
13711026
39457664
51505836
90937913
79761328
77837879
57143864
37779839
31100984
10598000
81383321
90654910
77214447
20218495
17661483
77604874
62620254
63912815
30202961
18477369
30138681
69285076
88212323
76033209
65284855
41516057
30124746
88727332
94099305
32428564
68319677
36268307
62478646
88444695
20649897
83920599
59042181
65699266
41045769
35197009
76770404
88555981
22037540
92984474
65412036
87806544
41151763
20237274
54792648
71569308
77618925
41721522
16242199
68263224
17190804
74623307
68006189
35467809
89030932
95766076
51937219
19122117
60433681
57022693
62771354
10425491
23615983
42072211
32660968
30878923
54819666
41474143
84944239
70544374
96582676
12012601
23911366
72689752
40485656
28747359
25333005
73856308
49009767
17236900
22576822
22303837
54402768
17550156
49206164
47300676
53588807
45155622
29589918
36861613
93808242
87363374
12728161
65856162
93459305
26742668
87069407
95479574
76124022
34827208
34598715
35255293
83324568
24587689
97071865
21282270
38903153
55149916
15155242
17401680
96063147
71656885
84256119
86916460
57652437
25782507
75404878
62343973
91777541
25676420
62479582
86771313
96352145
47175933
40838833
84005614
34943175
36983259
94204786
60438263
30656498
84436096
13144585
64838655
69142221
62487564
75734255
47244783
78732692
50934315
90158741
24279719
38933480
46289404
96277570
19414198
74822599
14052051
14856965
19657193
22008913
35958263
25102833
41405552
41863370
29500932
92084733
92172558
71574508
79044190
70073327
58117823
24293465
34771970
44429205
84088769
17991724
72568309
86797889
11502465
10691892
65318387
90980603
34577979
29340607
21308085
40180592
19879874
27045920
54018790
31322538
65259919
68387840
27806289
38638691
42007420
41553123
95688274
72885406
10929029
77074319
87029469
32808009
84713363
26691248
37741848
78206537
67781818
48730016
81239959
89736177
93185000
75494692
84715069
25013145
21152138
80770788
39504300
60126556
68276755
34878253
82512030
71650893
82036063
36466735
49623550
70938991
71650186
22397935
46258699
63975568
73029275
28856399
91295460
54358395
38476189
41616909
49524020
53377507
72209904
34102396
42425000
39153686
47944642
58224380
58064162
74627240
74458965
37120556
52408461
31136267
12437714
41144084
96445766
51395989
82954940
70242211
62394739
79811171
92173311
63419357
34725586
96716674
18768629
60650139
43011116
18207353
82839285
93912273
56193455
14046039
63462436
94997406
85939054
34638681
76534097
95208482
62984715
72578191
46992441
85884948
16791651
57698955
19044132
23115655
89267389
79741049
41818194
71740412
81421583
51510142
25553276
58769509
38951010
79403602
24231005
52060639
23635076
15484615
11152508
69631090
69785081
39617349
87116075
99126960
60363916
45994850
40324941
63279338
68559055
13093460
28526891
61948512
94037435
25253653
72782510
56716270
74360112
55777098
75838770
50724451
23102100
24043770
77924867
61316688
53823301
98461788
11993280
81046676
43249979
58972167
62380056
30008966
24755142
56487142
76860598
40689606
66456096
39210721
97614641
35217513
18706953
31466341
17540491
41497064
20177486
22530998
62139869
40016708
51882379
14830971
87966567
43174677
83722298
99730969
48281877
12599330
48077192
40021095
90805220
31883192
52997883
36455566
93690611
60418070
90540838
80357188
41281731
66043049
84039356
35722989
27253608
72609823
77469798
73178525
94548057
47693864
65770562
73776264
49681394
27853654
11326377
64284813
88488807
79826079
17541535
92800505
38763192
68524592
88713506
68047703
42062159
27364805
64014155
31911829
79841319
38489683
32167500
26745990
19145328
65701271
61797693
20003105
36676825
95638886
35416556
63943741
56249529
14237336
84864401
31381287
79629338
11424219
70880815
24236999
80206531
63805981
72859479
85875630
49101271
84793783
79042097
55707098
82724639
57486709
64578702
25430289
15453714
36258024
43760043
76062937
46356950
43688700
64835628
14238567
32528794
64318886
52587317
53793190
20522854
23597279
65850726
23959810
63512191
90878846
85939505
29272527
68950882
52703039
83463399
89656056
84075000
26225296
38205616
15766836
86527450
39066197
95000666
92974295
87279694
55235647
16036159
89886480
26302497
49400843
91357224
16454808
88478750
31148925
10371252
51289201
37437115
28199125
47450954
55475307
62331441
91503062
71933784
26457493
91314678
17355321
79151855
70681736
55878806
83732614
71248624
76226100
48939642
64266315
73485143
95153910
96954778
51235553
48098513
63825606
26344655
80817547
71625880
98696461
81876787
38511162
37623676
59573380
68465958
16627737
32954183
72191690
66116341
17642444
61373334
62575667
55349928
85165501
94406427
50422391
67699173
27120235
29655126
22031866
74675445
48748178
35405939
13289620
46742697
93404834
53492992
11925719
34466195
19153320
11105569
22160916
14622636
88852250
24678885
35265501
32646003
87577724
18477960
45153018
58419756
67561903
34560881
84569787
39580551
94193466
84992491
15272671
53275304
55996595
44767023
13882490
23418620
45882005
29710161
17706801
84455032
22133846
52331325
41844317
95169383
99955600
26443379
29642057
43082873
88606962
30036874
68644585
43923345
12845159
77704012
49183465
93935226
52666216
33877548
35776692
21352441
52296015
27657238
87725225
62638886
25978085
23137320
93391044
27616684
88348349
51090743
57652712
56296654
63974096
96044950
35819906
70517337
96200682
26425673
79540962
25737942
90127637
62325613
49172156
97240732
73029046
33495084
63101296
77417522
64654706
42829517
60259651
94042753
29091902
33344333
11020664
27104851
19232881
10803649
79080750
32673890
85463711
18429579
89146353
33783466
62024165
15107648
83109612
85276979
51695193
66358429
95205099
39883567
38719128
56428432
58688029
88512809
41715181
76722901
91685572
91465949
51853613
38033634
65774033
55059472
81112982
42415695
54277063
81608178
71562259
75038604
95802772
25311022
42524670
89418995
34758067
63786508
20035391
69228714
89121526
88379434
42023826
64263741
43170036
95721011
87125030
14443113
84283368
78108446
82893095
93408562
69446444
70596231
50308783
92016231
84967222
62439945
93266433
50842167
58910952
54320154
81379992
76948828
61278101
48667461
20307832
48367839
73175973
25764371
40593126
99726204
15952101
36470678
29922416
82704558
24365052
12314389
12958345
63699134
69024220
16377559
72018164
60875220
32141856
41718417
87813397
95628444
61781219
51340143
26946484
11715184
57595875
99954441
92505443
17569563
36813212
95221016
54375562
14757537
92327730
61255843
72363053
53890948
21678203
75356766
37833367
21828834
56854157
59884651
71273428
29731059
68588642
16635455
17050319
11677249
41534842
20653709
57988883
65384222
57390535
34855109
19151112
93294023
85980896
99389687
51781220
81324483
74359910
73815683
44410729
51427348
82951764
93917068
46783020
50683737
67309390
43297763
77540319
19858571
59787002
70897507
98887221
25686992
86055408
40121446
55081143
20799943
47528165
15054160
75649308
72486665
90929161
96314265
19093174
32905926
62648803
20088057
24035331
68335015
53352383
44760304
33200678
14094726
76203468
50426975
72147195
51664745
30511115
28116817
70773223
20826636
92430702
81476489
82802772
11321036
94869471
74731668
71824782
80861772
21267654
63252041
30480066
81085742
91265840
75101456
28859380
46938504
11229146
24660932
93529430
43391273
76488710
52818931
88616283
23669897
56262539
48437783
95076980
34071181
66711741
88624521
46233741
47803418
42507104
42753634
62728562
32031169
45509786
79573325
17769307
80455838
61887547
50911192
78935214
17509854
91850450
80628225
69848852
91065701
20361442
57878597
20724666
33860138
94679334
80690534
36646457
82999489
30410853
14604808
24407586
83807458
39423664
33443705
86628332
33700236
60933134
67286898
84923874
75323708
74441763
25871253
23583031
91925967
42709642
73705863
54286279
69447601
68178573
77758403
20658823
40993770
22411483
37287110
10090114
36790419
54734331
98840223
58737717
40594001
97027595
40533336
72319321
59698046
97326527
62662277
23871396
48318696
86957640
42710808
50005869
80015705
88535669
96274046
63132441
69359025
19911499
44459517
49083930
12181929
45620371
26312063
47151581
13418126
15762436
76254670
53846187
63027877
17923012
92184348
72947081
53664908
64185129
97207597
95397192
49394459
74061336
40728672
11525846
72954669
60845579
44667259
30173966
44836424
35767561
64862700
96914337
10031154
66200544
22763352
79049297
65906676
90203682
28822503
15332102
53214875
26337527
29583652
81198106
84879207
45035197
11306146
53911551
72683379
66671601
90694585
45465771
85082665
65557644
69800974
36731000
67942555
15620326
41617527
85180191
44979277
96268174
41495626
47170687
97859843
58764967
95287795
88242727
58926813
46437358
32159845
47737560
11602833
42767400
10717855
68653504
87472779
24746258
71251313
30990365
63287824
27777169
12164962
17509891
19877043
65436438
94634002
51741721
26031191
63015683
74490966
98639383
27025464
74243663
91994624
77359750
20002682
20650218
21179003
18183065
34630869
17833079
21110175
40308115
24162776
11657816
92758903
80369200
71032126
29486484
60037800
76633576
70098146
37144332
61660848
85748393
14815703
79923692
29205980
60223521
77967510
70963700
32475726
93215832
49229493
49663111
85029896
52776839
20093285
98956216
27802310
61763638
16939030
22755538
72528867
58784576
38534278
27918732
11716454
23750233
47552445
33829810
30498015
95349851
29977339
24282907
54728398
76178181
75428366
11135654
69312023
95569175
25296291
95291598
45377791
99046765
10742107
98852134
23735362
37694461
91773228
38729206
71701600
55702211
99506076
31960008
41799974
26599626
54172874
23528679
52969439
33666703
67072071
18942934
92359782
20685716
55930532
74525095
33757998
66578755
95041331
40078751
14209322
30276170
27309607
10409147
67107712
77531463
46986914
74075413
37671656
81435704
96518455
90756678
34525286
56675467
14555226
87054047
68485721
23593946
35102440
17349221
33301980
96247682
91896050
36597667
81903205
32088730
70693092
44875741
40676158
11518314
84119924
69750452
92066369
70503786
57366271
46699216
14483024
35067545
96108182
95614019
41584665
26165513
83081890
73811948
96476271
54014611
39192509
78930291
79959525
44318409
90936556
82846451
55784834
43262456
41540304
30941031
18668822
50326692
15608060
79570643
70127886
83578424
55397584
12012115
24660410
97702287
30068279
64955908
68300880
96699327
61325378
15417508
36310183
92991622
74114873
99744428
73676468
36136736
16053230
60095733
48419931
65038416
27529189
14522928
33059894
40581998
79751797
25055096
23197571
55950688
96583943
63657915
83310376
73037721
51080253
19102861
54553668
15891964
88343385
28362485
45909672
66572787
58844933
37684932
78292150
61791128
68231551
76024360
53262756
21073494
14972215
18478606
81279785
76877557
68665630
50572771
14627162
19300442
66301376
62207550
11560140
58172260
95459191
49820227
55169837
37723068
75868033
75142958
71114049
55936587
13696214
47566269
51360310
19269122
10716958
87334558
59930161
67974661
32630602
21679228
41422274
74343623
53105098
71745246
30422200
93450480
36557536
80095667
30242801
44692380
74977879
98954630
44873122
42931911
50384787
70147368
20231795
57165718
36162771
80677364
76810779
69001963
53465827
95363564
93397841
69258597
55393972
23900497
48151112
69720356
61512342
28725297
87561995
84199570
44984905
32291569
80812006
84850492
97963569
32008936
49244489
27672018
52756816
91322303
25157851
31283610
92158690
18495032
69946833
99997876
25463599
30836261
75204166
41270504
86649170
49193947
13052311
10662362
57223233
21304864
97478844
29199314
17377237
36332400
90040542
42978571
88277427
50968046
61885126
95762822
65383884
38763658
42599721
55991684
34823112
51728378
36965922
85767938
22146851
17881336
26194439
68079505
97260063
89709607
83676899
78573333
38207892
20262635
65414685
42328287
93777208
45503004
67911585
99215314
36763193
25713350
70137068
70416651
20371973
33439515
16207002
73380070
90353666
76929412
82007278
20081974
93310862
64184501
22545023
19370556
43926771
32210385
62323653
16230436
59049971
12167173
41724057
32525964
93808965
69163990
68359147
43748375
98174417
43008399
92893579
42277307
89630527
31361296
82207002
84199282
10223402
90639855
85267816
43935719
53761088
25443163
34852056
14542385
29372003
52277613
43565356
44818044
43557945
87315256
73658090
70282714
23128660
11950202
68547242
62689012
36582410
98884894
81035726
94403861
37646474
91226854
49863754
14943682
74465852
62870365
19264142
64773677
48569487
41844151
36136354
43389889
95902001
37813599
16260883
26314077
25810347
29203980
65447854
55341047
25902534
52619754
80395448
23966706
98330509
51558262
84578048
79935690
50856366
19066057
86799662
92462943
65946242
68516619
96925497
90192540
60827000
31708316
46500911
97971782
40776736
74068049
46149329
39169847
49562569
40489947
63080398
60292614
94676025
76860615
40975325
46084388
66974551
21787651
67716500
39847636
38934589
98685300
48401638
53480187
58224596
57235851
41482014
66530446
89083103
98496295
22654119
94761691
54785720
71022634
41466952
70437301
67085678
58718537
60831007
52350921
76354602
74135220
35013413
99257769
21387132
27211009
80054518
29353248
58223995
12755134
86166349
44627920
93462016
97146132
26462715
58729987
68812534
85322695
10666782
67402395
41193572
84433649
18291142
29840428
68108111
42069970
69074040
94863966
41428530
25810195
68893737
82696782
34835487
53393023
55122605
23543999
87778500
28733501
28041889
15645018
78781479
44115467
66140410
40306770
96015984
25310324
22305896
76062270
43634169
35387000
94249938
21824280
87719813
10947493
40344878
84633783
35161323
42888024
19829867
69603295
83415119
75697743
37695377
21627063
38792897
10994570
55947727
84604214
91141251
68538867
55227343
13796652
98845778
75046713
82441580
45081390
71700762
88320989
80519314
90543342
62792761
10212940
94805021
36711050
97101528
99749398
71665881
42076022
76331381
39831008
33926416
25237811
68038528
25613513
55903323
12032900
22481393
89590301
58930715
69773851
60173049
14844919
30957004
46425343
95765117
91009838
54497025
92108619
81410358
47310190
25003117
58503764
17191244
69695053
69892622
64033912
12455216
34949353
37870794
59702756
53160322
13923879
68232721
95688550
16822448
56114956
10333636
23614625
35170746
77503452
34693525
21243316
23120521
77021386
88897050
14958306
76573400
69530936
96926561
35479922
69939944
70808365
66999607
69957732
39069591
