29993285
94882595
51198958
67504971
76622003
25239890
68170813
37336083
53530170
40533298
23925076
79387008
15335647
74580134
75773447
88461080
30491215
91873073
83448252
45431272
11930797
97948784
57976064
76638333
46673176
22370121
32817666
75935808
94969292
72344302
46528689
88514648
43324944
16234743
24462744
71579873
63291304
89671617
62662616
89647882
57505404
23244190
76179265
25080753
60657837
73903914
47611297
45471727
52940736
27147604
65538131
20763229
94232900
86979126
91151831
88220284
85024268
74079265
72061375
36341894
65147577
87660580
99877085
57271532
48958379
10691586
20907354
60842572
49319142
39339965
23847414
90171822
88971773
78964410
18938935
59958057
82364110
16418969
77294344
38939596
24271548
56763796
32778749
81156099
85921447
39498435
84880676
95616902
30390091
51550096
15898487
17975446
73442586
95439788
32982097
35721998
79164272
73482033
25479406
86583423
79804408
60020082
79627753
48463144
54537350
41986183
40164241
49878085
75375041
58199335
44888426
86819064
32230377
55304173
27673728
21847631
25721447
69950061
72738360
39145843
57911785
30027894
24692701
62631326
22244340
66300046
83580954
89431806
48209187
55357123
21633243
78552379
38599061
36296855
15230993
13144003
80949203
12075157
64479236
64134985
90759369
58319324
29329347
80627666
25644271
19906918
44520539
80222061
54818691
41869275
20911775
58092430
86781405
38212810
12919461
36769658
96155049
43579620
18581957
87059462
73954249
19483864
92674037
30348318
26174329
94549358
82505882
71267568
90860975
51122985
89894851
50671914
53058852
53756815
35139364
29794246
32738059
70576225
95931298
20559123
84682874
92048423
34856499
42083084
31997391
65988277
59027729
92804502
75160168
17767253
92637304
60381521
54477351
61798546
76583897
36225947
10884971
18805715
14686450
12807747
61515794
31552529
68346628
89965673
11328113
80515654
59380567
26043204
25269019
61038872
56941817
80240160
45281870
72522808
12141495
51666423
58713261
45182299
35814968
93876570
56834824
82008809
45813491
31220387
62866685
77765227
23486434
80362458
86557665
89024991
22237669
90883593
46424024
78055307
29084232
33272976
16533033
96073523
23801896
88447752
63111650
15816910
49554767
76415622
67024181
84757394
50749130
56018696
17380197
47242787
88482876
18982095
13756752
54217613
68403163
24257196
16360554
94430685
20642950
91971838
54825206
69854368
97801978
16578757
46069303
91305667
92610488
24875541
79222313
58547362
38860076
93399198
15011807
24603040
85076122
91862729
47352223
32885347
30074506
88100585
36697957
73399676
94681176
30136516
89140988
72452244
35440438
83465158
42595438
56602569
23466318
12272846
56178743
71590923
29740563
35376259
54457860
47510265
27505816
80610163
27793330
30135088
26302259
15049932
68697090
60754590
75143204
57843837
14728902
87381265
13071353
98487054
29935898
90458199
97493563
27392369
29526724
37785079
16223553
42284636
54242629
64739297
11174585
76220606
55089472
20053537
73857691
38496915
68797124
10785448
34689055
69872959
28827316
69902213
32283738
25820520
42044948
24451727
54523578
89007667
95531824
83158324
98008428
26686058
70864363
38539057
99322139
44687321
83980131
56650394
85397736
80017512
80067585
98268627
19341980
13649939
50524034
40743629
86937010
90791866
60037780
16648281
48588036
18436881
82602976
74209180
35034109
18529040
97683443
64869683
41712571
67236341
67075732
29311694
84284540
20129584
74574886
51678089
74783723
94038988
73218281
59079348
80746099
83473523
24619592
46562542
65697575
81191533
64406796
21094528
86167319
52443222
62418283
46948778
59094796
23677591
52278641
14139908
47010941
40843313
27056553
22376776
75479073
70343179
24094470
67395807
81170746
96903044
77283592
81527688
77684075
78131171
10373547
46564310
70142906
48185072
40407163
22159468
11096922
43884676
45149478
58572131
39532369
60018882
55000730
92323676
91607753
30615905
28160680
44681708
84101063
14266137
89194740
29159064
13569666
72186545
62209373
88902345
86546637
66272661
73321259
10834435
47583806
37889113
24994923
92299718
78243957
28484202
30094779
59911650
92020597
72805207
94536948
45443524
80094582
42358051
14752665
40794871
14404371
68034955
89319035
38838125
55600189
34550390
36463106
87118435
92088436
59950256
54628572
82510377
74219767
37428441
45010473
32823767
27773625
46007042
56748397
13616911
73637994
75124508
99161542
28988324
62587800
83727882
81717900
38176266
80315878
57874296
46302470
28473098
23469851
28355021
23408335
45157299
62233880
72225093
66709740
67939825
33844994
46046348
40231537
40843044
95130736
97820205
35515212
46005085
75641542
32393261
18818002
45652682
33391905
65293823
81430411
67637917
34723445
86002332
95205916
66560997
45149026
59892613
88768782
15129165
29555299
20289525
79248491
70384365
21147259
97256923
41394250
40398144
59064623
56559980
19185507
93155232
98208940
79207595
46802226
77586757
58478680
76385059
54513507
78310771
36617632
73807159
37421147
51258548
32331057
57813997
44720534
25137133
73427029
18431912
55332060
59316648
61484639
86146000
87891722
96416429
60543232
80411858
93877354
35202044
67987561
43118922
72969993
26962448
39320442
55724353
63891091
50357138
42504514
97710992
90402079
89094191
74501466
14030129
18737245
43258164
89132728
79246714
95708858
32518714
36065993
48237296
99218685
20394566
45295355
33194068
40756035
64282985
15091432
12430657
80673728
54538860
75852241
80156572
67902001
24108161
27500444
11756558
80724272
81085757
61167100
34235321
86767407
26245380
37191003
83386166
99786362
28110361
17887521
82819913
12005089
44330007
45162452
79651173
78054219
79364617
11333444
53791791
49224063
82158034
37437173
24715308
30372973
16872894
12018608
14489951
57031011
66298694
72751466
95770584
33244552
31485044
87151257
81864433
36769706
66610940
14462114
14334865
87252347
10805150
22795545
37872627
82022499
52604365
61401680
63717444
34165124
98207008
24873114
16568367
46985950
57873465
24471142
12343995
56087764
76342716
49908595
10370813
90613972
66925060
64100192
58939529
24534880
76183827
49969843
10497858
74346775
62354048
77701978
53836360
34568532
42077390
25675556
47958334
31291935
73510564
89379633
93200933
55875889
86491039
36725456
12980103
86360816
85551142
26019039
21802043
73359777
19289215
70555298
78318987
88732809
36502089
56685426
87477516
36224374
35609227
87197944
86883687
77187471
81993176
44152414
83000861
27577835
68819294
48236325
91816334
21348391
96091022
13098121
51673786
15409313
61172084
15055298
99234297
42513518
21285641
70719863
53303426
62290850
52665994
51579993
89810965
63824936
10625342
40188406
52292526
76422349
59734025
47185893
96373196
32492602
80958542
70548242
36782684
83298587
84628066
71320125
43405871
30403697
61387805
48735875
85683307
73940325
25112351
34320689
64142649
86271261
49698567
63884999
63861116
22459535
69706542
77906845
24392069
32741307
68922294
99708170
29557707
91111626
50359560
23561913
88508253
25844179
70764515
88228213
93907261
53469283
15692977
24096483
79794699
21650387
57853254
78971556
18690912
10431655
63536311
19941706
93661078
52272495
60922999
97758775
31276758
37269058
97040995
72801025
54600919
25501985
67853120
94077706
80575838
16785277
23166403
89944604
46519740
28108805
30574162
25152480
26554590
12794199
53082649
84795748
78310919
39105068
10471071
18947134
64031936
69244584
42121902
54411517
48702377
66711286
16869558
63784948
57924249
24700874
66697981
79604622
46022407
61962928
19624103
87377795
62155797
62558291
72579587
74913636
22598398
89039447
24497971
38098685
27924523
14587168
54604931
32659737
31000328
97439009
67176116
70143602
38449145
15654802
59192302
24626441
93107284
84942170
44687937
89874620
96971477
57437023
39935858
85710608
18250696
70494264
29574438
38201765
37014214
35197380
36302757
75587574
67597506
37320212
43840162
41842367
92746578
92061258
31736011
69835487
41981523
86653089
46494179
35988725
48239334
55794685
79989880
56739315
88731316
62570905
78261105
55178126
56685446
53004188
39477590
43806852
61269288
67601259
57099927
58598771
53623048
96996308
24771640
63769028
44004610
80450458
18168931
67080731
32247133
70328353
95645797
10408066
57426833
78593615
11652513
54363291
48167995
61609580
38545740
14238586
98008440
65726075
25272433
50281327
46183529
56564513
73508281
94306208
42714483
12854348
95440491
14446573
74298945
86309730
79193161
61886654
10633096
76051261
81280085
77890792
46022897
92061715
34958187
23748566
70696843
26836044
44927327
84306191
58397651
34179811
62728083
67277572
86748193
97072615
98618075
28901908
38300512
50955840
75577217
31282986
17563344
94885745
22628496
50437910
58527006
26385939
92893291
11544669
16366719
18045840
51315318
30844157
48723060
97627423
14854055
81129887
40185831
65687326
24828812
18306633
62871844
26716961
75713548
12519190
47135347
52817709
93970351
98553468
44292639
55605964
20799993
86154313
81988023
64950677
45114018
41864002
70473801
88326976
51874732
88171199
27185475
15363203
92172449
73771410
97368307
87103158
70948187
28802624
96416281
36192439
34848817
63050623
82459455
96940114
91752681
75259134
89957367
72539993
18023679
25909280
29296732
98359583
35014448
86302169
72466279
18301659
27029405
62803384
33593388
77891890
30097273
93340820
66526940
30157761
90234568
55679084
36001119
38329736
57743898
83699443
36338893
10251147
77222002
19409582
61349265
13589361
73551255
75136627
92494730
94570061
49027604
71863046
90128974
72473238
28286596
99009650
77651992
23721658
21751043
95391955
22077890
75986611
79166158
92233924
35469223
57175740
12708949
25906189
32536827
91924783
95405420
89817744
10705700
44794177
62074431
16171377
52416493
93534825
44065038
24551342
39133947
85108515
83345769
37887872
81191325
47964829
63399511
74119975
75112678
45955022
82448257
71760352
56553163
28369121
71899547
17358214
42233129
88564480
83797479
89922167
29421081
62672936
78637499
71025564
44008418
19642046
50809153
35557166
86316495
56189472
71913226
67261167
68083247
17937655
85693983
35156301
65888004
28978644
37651619
96186357
42719287
38404644
90672606
92307785
77122982
74097688
25725601
40849093
12337656
82845147
85030173
35569021
37426837
82159823
96803206
15707219
99384218
12077939
76856600
79847419
75852070
42473107
75473833
63787011
45894046
61000494
84596950
11299624
86510499
54521585
21131606
14176952
35150826
55382191
61087762
73094670
38603160
54456839
59648628
21997427
60698859
77740378
34415692
40428312
76830108
72702799
83795450
77254363
31788397
89125322
57720183
75472283
20331427
25279849
80463416
90333747
20638267
98806034
54903797
66195769
24022439
82820838
27551564
60930398
85410724
91984848
29376498
75610876
52531176
23607272
91588875
91167851
17849488
35383726
73603530
62210040
82707880
45818196
15838699
68278843
61483781
88700570
48037085
60050524
24944467
45798238
31917105
45187876
69468694
15985580
16478052
42086769
33229496
19140542
35994878
27895872
64562323
50499281
96153557
40366933
31204390
64005106
76800262
12593589
24183471
59127836
34522248
52318845
72794647
63298095
11914378
10911897
80570394
28234080
78587440
78952042
17391939
51644470
45720325
55458338
25270101
11087403
63898843
82780291
92400115
94454669
76688149
99822910
33806196
28426985
80312017
14416068
97572545
17359196
12034559
71797805
61107134
89411783
58736515
92987253
31035935
44022501
51065582
46985987
71871193
63407802
42384058
19257048
13681462
99980250
67789818
20160992
28692209
32183888
79934685
42452819
13410663
78819283
36541184
61891734
87525168
27111538
28675179
42282658
29485871
88573442
15153722
77826175
14542514
27511241
38491182
74765927
43508017
96390916
42478150
32445736
99252815
66340810
64623943
57308288
96365626
54483009
41623107
68152429
36571751
61953283
53872787
89392387
15694054
46226487
28831551
98835437
72758038
69523144
22639242
11777841
43618185
23797801
28110575
64781175
20910353
42057587
61334023
79631269
34961290
20710155
71867337
33409478
55833766
12988401
29473103
53981666
63701450
26436720
98154002
38459895
37763651
85272335
64266262
85540483
48736583
11611528
26308999
42357977
69752014
32777526
90951983
76586663
35388288
89575374
65536273
62131089
50587891
63909315
56919838
79326595
41136023
12748983
13137337
16669320
11409906
62536426
52148421
24177682
60319601
64489601
67256786
75534534
25422317
35576088
79148017
57338137
87958856
98034523
23752211
85255314
94897359
42283617
11224074
20498582
61628910
76020316
96728847
21496883
41638240
60980248
36185785
55259460
64748738
88336960
74485288
58829527
91430469
42674055
49352087
18237112
42998798
46369259
92429420
38066558
45370768
18797002
87515150
34280389
16820549
54549308
96291464
34715100
27883206
83899063
31194407
85138071
78931794
37083803
51754679
59357674
56900843
81239297
48259098
20103522
18414209
57096049
10825959
24425984
63373489
91656602
83865469
15497295
30889399
68294532
20359336
52833900
53848067
51328081
35001053
19738805
43661797
79029106
26284607
82831391
20886970
99059506
62284828
24049506
49520351
55390644
57966801
28359826
14165970
39063840
12712388
32543795
41982070
10305141
49889692
17858624
81527744
18976112
49903515
19020118
18780448
31536493
94721798
44654914
15637662
23715588
73840331
85293796
34610444
34979862
15094180
83455980
94233014
16299858
81717747
53009529
94434309
39307097
46244406
89294494
85294784
46757137
19394870
92572169
32711465
56635891
98699704
37894400
66097953
64136705
33696274
80314935
63458894
86628679
68830575
24508917
42068107
75548397
52525536
82493812
44378213
75281781
80857428
21905847
64889668
87219402
65664936
43329550
20622761
18626450
45234377
75820469
51355100
34650763
43353204
19337206
19384456
97544071
28064769
57593912
74827011
66770936
88626505
50280519
54037072
26343691
25777266
86236637
72310535
19006720
59141639
73563158
42976146
39032964
41644167
40244492
56714372
38431561
45311046
52804927
98411368
81989074
61181235
87343643
54055355
59167449
74326804
40428165
74359479
71030489
14919536
59424633
71500153
47545042
59056744
69757917
58341446
54079912
85574968
37164311
54422877
12497095
87998884
84112294
48917776
70140322
47429963
75002904
99900650
97357352
44766917
20588436
32458084
28920940
44874380
90397097
39118650
54285122
16244969
59628082
83383849
94601476
15156152
57965495
66059039
23134131
22388787
76537128
69096610
11874622
75678916
68946654
16452511
62819182
67948707
20529502
23466858
51699471
14501842
81341671
75833892
54711040
49983652
96965431
76172746
69623698
10708050
53510024
58533388
65081812
80182717
91700726
84646715
80996935
17252992
95630332
97971458
99439046
29113512
49489714
67528474
60475257
61252989
98043676
36854773
42956140
97171832
60187059
39960144
73806497
70021627
24035610
13375013
20079491
47120458
77036909
11225710
23155147
41496921
86340486
34245896
20393654
17021260
41419279
54357503
53835190
32309076
91676286
16908659
77579586
19468195
99325154
69468204
28560972
77343145
53166868
77239457
55721878
39268742
44558032
58503555
31083315
82552363
84718156
34222175
67685942
74746818
31181387
20418709
25906443
45723051
20191466
30167037
99893233
45724857
41627662
32844957
79727264
97538433
91443546
66106995
87267266
47169073
66704480
94374692
95890579
69570759
54719210
42106310
96113706
55781708
25533242
90975317
35736177
86309058
12708325
28364732
24025846
16325354
38365662
70390513
51451671
89074246
53012565
25109516
85160332
42340512
58541093
83146148
34528063
29700705
25833698
35772015
87936634
54198524
47925185
91210581
55280689
26735073
79771087
15154348
62025377
83233311
89397691
70458672
39946095
31060823
12315117
51086063
52020976
93800992
80782069
44645444
49421483
22633414
86391692
97811249
48016744
82637960
82917177
27343914
72899118
49063279
34017818
61352312
35501980
63264016
69148625
76090727
20126524
10199355
63456902
91987468
56006104
75746453
71826811
85664865
33985631
51897915
36295368
49888139
86215976
29870576
42240500
75745833
15133185
27500503
76855949
39607752
49146471
73308516
49687858
67304924
87536011
24891216
37862570
92994500
62406506
67851072
17412549
38036740
32435198
20628137
78630037
95690643
51999499
11324541
55290518
16389699
30894831
52185422
41945711
88868583
63567326
40049144
99901429
42313362
91069376
43911611
51874888
18197825
76809967
41978810
49543186
36934068
55588292
88245312
33806507
59546184
40571964
31461204
72364599
75415947
50975922
60960102
99836384
54371492
74138845
14856034
28849563
11212276
15155707
38163046
85453159
42945472
59036423
24115092
67365630
27391995
58050374
82541479
35517482
10509174
33373120
66277372
58040413
91098087
97268210
97797903
67388542
32092915
80328697
29215451
56377594
14683521
87336977
39884604
47230741
78971865
76098477
72897127
20059165
14769467
78455530
30235141
23355494
91245303
81018851
51487426
42603797
69306484
83987714
46342296
67828680
25909892
94773148
93235741
19381433
98950712
98321606
77896676
54915285
24084053
85693157
93868985
96407618
83539509
88026004
51702578
15559524
78284714
22785411
55415200
58465291
13951402
58948425
32265508
40590577
56885161
23564145
44938723
86921517
31834614
21707750
11142373
87779633
12966364
96151133
89626765
88484207
50269458
35188734
83935546
95876700
71496938
74593291
70200102
96532133
92887245
51713991
82568347
54062934
96547702
93042916
96485063
39186489
93644373
80779651
85518630
49940700
69608703
49497907
29686848
41075742
80035974
42874772
88537102
78114056
39424786
30437802
64862472
71648742
71153651
65635179
31419207
73574909
39664381
58665653
24683798
53730514
86395413
19618187
73488960
22603185
66118687
74046642
94117459
41650620
45753952
20978172
33325119
35144855
66461193
22552666
79260056
97703431
69676551
89008421
51531477
75915065
51151159
27444134
47296658
59083305
70197509
61439070
70618662
75794088
24212700
53676595
36881824
22762610
45144904
76155536
81155831
42578838
90903325
26547236
56249410
71886458
37020546
77511526
50472156
98128393
15805011
97704917
43919844
52491340
18463330
60779120
37418914
55972938
11622447
46799608
81341610
66321177
39461580
27322048
52451145
63335723
56572595
29342455
14151865
67972240
43102522
79228769
25891687
85123693
94334637
57144817
15581354
16615123
90950685
54771177
74735076
31238327
81438154
77423673
39196230
16659670
59573201
36159195
84253552
22962069
15860892
93170170
10705505
28140943
39205016
57973773
76971829
45611487
52540052
27165914
89898432
47179761
79283807
80213663
97702370
22546014
31567670
65767526
40154946
21442818
15992809
22083633
13942811
43397821
83594835
14943975
66444192
71354395
36084805
72976981
32546407
59989732
23993926
57631712
67808277
69318651
18048725
66476338
40851614
59166726
66633966
20026497
52421435
38839440
86188882
41476694
37818896
87882828
28447483
47417169
35515523
38285951
63712760
92144180
48654327
48753872
92889441
84163540
14667921
77743043
61801613
47048212
88418677
80068415
74002881
70138844
44022816
34926188
43346107
84516550
83041848
35284677
37181456
85525003
97402556
58618323
39208488
13381566
66107984
31294123
75474812
16133286
68543036
69052659
61756566
99943283
76485449
70606570
26671622
25213487
45547040
14999613
72253748
55017369
24921460
57957922
76535207
87972030
23127961
73849910
57800561
71496948
88137230
94755980
74693165
29865174
50366332
51837540
71221898
38826662
29995437
83725438
18778235
59502915
71565437
77289583
23652024
26300786
97268197
72739725
57005998
69583223
63390836
53128718
74969653
94426962
31095513
55349947
59592612
31698182
76989595
56799915
95372159
91610939
67188031
90399007
84166131
96000656
24746517
36336235
55578141
67286610
62678724
43671994
78897573
87472833
69380550
72843841
28317209
60576230
30901466
30402911
74069725
78776484
62058078
19813994
26122740
97571948
20271528
30420713
48077407
30258731
98670957
90284948
75011010
34274835
52742562
52136389
49711437
60922998
68443658
87373014
16181240
64505914
10297929
70891810
62786897
43901113
93650558
68408966
83572661
92265557
40071165
79657531
74102303
85885172
50907264
60672897
69963445
32141871
54916633
24876532
18824161
81030352
85595555
52468330
85570106
57342253
80082579
72408074
13075248
31705898
35589653
66433282
37209422
72222390
50578729
85464958
65709888
18136124
56123240
51075336
47273664
62973992
67898107
66066437
31150337
43019982
50896235
55308494
31730374
53200852
73599077
81397334
51712778
44776722
18327182
60755240
52310821
23476656
36374457
50570561
85318184
32285358
79369840
17603893
64880276
27855546
52042467
90541606
71831365
37394475
82280554
56551900
58926324
90003179
92774209
33860209
82926520
16695049
62403610
27042711
55275659
62546708
48986860
82668709
72661731
67292288
50704136
37209272
34891872
75163496
98540636
13083838
33863826
97014395
45383980
82714443
22825581
14581255
91498426
10991508
94484693
41301517
93776883
35582106
46995587
18408925
80151218
34160390
70427114
71414146
93187060
93142136
87402778
31615320
78054675
44784188
57214332
56164380
56895026
86419089
57110961
81022185
17521964
47246577
23343073
36163576
34557844
89147218
56809009
94107239
58370568
50859187
41209159
67487112
42007167
80597908
91823545
39597557
58228864
98617282
24491203
40241131
90655803
91793340
42643812
94433855
56516406
37188134
78463839
55044817
87401663
85470781
77605914
24909002
84196606
76681469
60147416
16626354
27114836
84104665
87751062
90178301
99999615
67637083
81408097
85933694
73821252
17228309
62646508
42217682
81971775
87139986
72862494
71388422
51624395
42427578
94375708
22966491
21615045
29752482
17483336
92133559
59064426
40302890
43750935
30389515
37840399
45557035
72174756
44071650
15328381
89163516
99567828
67932296
52925381
77291675
15515312
81105852
69254610
30628884
70327598
32224603
82017488
75359464
57909208
67799009
33902220
73034262
35619019
28475132
57655289
47394091
81291378
75798667
27524152
41729426
15787771
21709170
85740222
41133507
43057837
19339422
39224034
64312343
96726894
26888368
58716505
18191695
94133902
43549498
30887904
21304710
35241411
90711484
89408351
48810470
36727293
39395939
81577408
85923381
11301483
52594399
23171209
28504844
38458472
82413691
13404856
84596903
87563584
72690337
93614707
65940122
55657779
72737452
53613155
12237169
39229583
59086898
14692838
67956661
72699868
77831089
58916556
58506582
17227549
74712875
22564743
58941239
31841251
68525254
31703097
87000734
81371376
52490561
56532344
86219767
16102266
19053253
69007568
92478530
57487193
56361091
75454243
26401238
92539937
65797709
28874226
48318583
72112338
82877035
20892876
83052203
50754761
64687778
15996442
91630952
73467609
23756928
48641711
46015070
59430572
68370815
50935205
45467816
77208559
50526970
55279513
41779509
42644371
44179813
19418295
92519211
38617494
67612798
67007035
74449283
88152115
70899310
89922151
72878883
68350857
49608877
21734614
58918907
55345660
17891848
56626556
57698581
38650536
18841914
87541666
25476178
49305403
61023858
48709297
42283817
27531585
33358901
67377552
43736184
77738903
69274522
18235979
80199534
27290156
39467325
38336886
10860059
62003307
33464488
58523479
23350717
15416887
42225235
88564201
18406636
50167483
75021623
76374240
35703598
99564627
73782244
47241143
65310791
31881032
89719787
27016580
32335009
13424439
88108094
81389208
60329628
27121168
40877434
30177355
20712593
53193648
68843429
93873270
91371724
11589907
57304562
17390545
49649111
21244408
32556519
75834338
57748339
21636286
86399124
21910051
97760498
69152465
97332651
10428032
11132038
25942645
70443351
91714139
69377316
61786959
61841188
18077459
21302252
14740627
78551118
20811522
91434728
19796445
52338364
92012147
67489101
45085445
97608726
12857997
14984790
32421897
88941587
13140820
14506411
76620342
31703173
37116399
21809853
37138800
55278436
36624481
21864413
80020942
99500039
55305617
34538302
61055669
21493417
51951579
37796458
92200961
99566506
23850085
83901652
53274131
62603964
80937607
83152320
78181954
70858404
84629211
56807207
55333537
27467762
92899942
59220248
35827375
32401019
33937263
79757542
82343220
33808227
58533137
26053787
44571099
55876203
44442616
55839645
81445909
71058914
89361555
11608408
98250869
16775496
34748271
87632624
63045617
88323613
47566993
46123844
69760698
19540336
16989473
12795460
61330165
78897641
32372642
80030048
20330379
25070847
39787985
26380232
44301563
69318346
94435102
26742826
26046893
26568352
64092133
82058317
20138868
46152451
96099924
59767924
50604406
45584698
26405107
25321799
69545931
58136704
46786745
87397590
43337850
26823905
73121356
33085897
47995483
64493511
21108799
98264437
73730118
67130596
42493696
10351489
70644972
72444881
52852164
12704691
44341983
23768905
10289995
60872247
34388847
13352175
86241225
98259384
52482367
39166631
16944856
22185632
26727492
42357220
61487738
65635627
26002632
16049594
41659660
81797010
94402167
17662904
71136776
64963165
40190366
73340670
16343203
50949071
38864523
31866641
32308873
40508886
42821770
76298889
94439654
94331044
14162000
32418963
99279004
86420420
88398324
12454167
47239897
74720114
70582815
81879960
10327261
87552754
57724416
90996024
58568194
97120143
31178104
11944372
34670210
27173909
70592377
41154895
97716485
97181553
13217061
74727231
95739611
35276607
43333410
89956404
99651808
72711331
29788040
48784662
78864459
62438347
41139402
91403193
55679922
12299587
93830286
32696569
97712418
24368861
71873629
53617745
89381299
60499705
22150525
93006123
30428446
31373113
27790297
35402524
85161806
95982582
34273755
12727645
70129861
77504158
16208422
97246010
75765257
80079841
60147441
89641795
15902885
91892632
86556075
62301861
70673982
92611217
41586467
43505616
77470908
10751541
55975773
11514713
36544028
46012822
67921722
38855964
24718572
67826287
24958832
80908813
75103784
51204119
47893699
20942625
65886690
71002024
55074682
83722428
11915879
82842248
53711414
51733912
70326705
21244817
23078383
55051087
69024620
19071494
19612920
46097939
45107272
22942603
48695830
55593103
31348210
28894731
97676673
40656535
29820977
66815444
17755215
62879685
77417894
45014688
22152760
31652522
55903955
73386833
93638343
21677862
78113067
57182373
34189780
88492622
62432272
37954123
20213259
44929476
21507188
30805510
12207955
75283774
96949045
83719355
49838210
87410118
91300680
94335356
51824316
81180332
52122724
20854604
99542767
44517867
22367646
55328119
74592773
68929029
63254160
82876056
47113002
11373072
21682944
65038753
33193148
89401373
55288157
96629459
74888394
22463882
69741547
15425058
20988831
45417043
59136193
76061101
36932897
66687898
90139641
41402662
19183362
57104217
49188289
38309150
29080817
87740428
52614330
88151526
60570229
63339615
36444062
19641193
66823627
35365809
54795845
35301287
50374591
40997398
52606676
79861593
44074488
49650778
57749165
44006356
96849369
36329534
37413057
51992962
34754138
58453495
42399074
10118448
75946068
19272469
84374721
99830516
19855794
29466162
35188990
40482559
28910282
37257886
97137902
55194994
39835077
33747698
99788635
27474339
26845669
22236079
86023820
36275819
39083675
41699523
22857205
31978045
61571964
66684473
67385134
12600457
92910903
89333997
92899725
21816196
88555069
88222068
29466579
89523330
82345277
89191048
99352041
88332989
29178290
92593270
99951238
39102380
42347744
64819872
84158030
20548839
91409928
49576757
61161865
91870966
26172546
51636366
25408619
58378826
30462215
71874807
64499145
38745548
80820217
82120860
71952065
56271307
40641246
85103175
76161436
51049040
77180149
91176743
60945133
20387690
15271800
17825585
23374073
30126687
31349719
50227629
35193755
43514025
73610439
62007623
41895722
45757349
18422396
32099692
78960291
83007858
98473370
31110577
42559460
70026747
80789140
31243320
88301616
11971192
30975327
20272226
71450309
28734180
22049108
59652271
82795570
40978712
73711387
91507857
71010837
27223638
10416545
70665295
79905764
10836195
42784416
26705767
59088502
16381821
53649598
42060491
59409642
81058928
64710720
83827057
76960700
34107761
13296245
93981294
20959957
18619213
65816320
41318458
82182290
98053876
96422816
56026184
74664612
77028792
50774426
18222457
40799991
35295898
20503358
68874118
48852471
65505298
48207089
58311593
61989696
74704411
81121117
12516509
70212423
59503402
84209069
42039332
68248952
12511832
30874175
17264451
40085102
35409202
89994218
74411103
42703922
59082335
49436096
20097462
15051277
35682215
84258105
12890428
19622849
19598773
60924576
51668148
66271737
69685167
27495553
79632434
33107846
52863461
22573370
96530494
91232794
98535667
62866811
36585953
30216539
15521148
32948437
87052267
47486507
47854265
27013720
74266989
38063571
21060481
11072192
43867856
87646270
22393939
12425102
26578934
27134339
14105788
21420812
44353523
97370840
91459733
50757170
70796131
75139702
58634878
73340595
36516277
16655654
47696579
85509345
17644638
34140114
55268672
13252842
80478208
55996780
26442719
78198592
84951893
61859331
94821523
27707965
87619735
17502948
10590776
32994577
30663890
88322595
13052733
68486825
50636362
29293321
66923128
79384647
43790963
99032333
72992951
61305042
29601491
25047044
30081809
22354618
67528190
16863736
55504836
27112832
80774282
38578803
69196518
22843041
21679276
20365653
99354564
66629272
74431395
78942098
51696730
62892478
99053976
21126562
76075269
34352783
97926217
89854162
39486070
96330212
17114403
55010323
95416584
41208025
18077129
54594275
76861301
94749348
14390808
20081614
78343096
65796129
53051075
34482375
47412560
35105949
30051698
51820418
79774424
27942351
48680987
24965135
76462270
87740161
52585484
27444582
75207258
71374391
72859267
17152233
27062200
35773393
46988902
47838574
20778730
71382338
39370607
79930262
53656835
82609996
67384852
60075085
86228682
84853917
44093945
25581823
97046426
22918175
24026656
29939024
40050770
66957679
59381614
81855689
22053719
73041570
85849309
98968645
95964604
22928331
78826326
25644794
33155602
70961017
30679501
71779426
13723793
48140411
13195824
18147817
63730245
77799019
25536356
44395069
46336152
58595337
60638365
34042744
25824971
26423147
71466190
16728901
61626106
80677932
39654111
61599140
56026771
80071698
65502242
43118183
52062132
69538749
91536608
86824160
36796095
51643375
13940791
95418816
48370404
47096750
30089065
45388964
72021908
11937271
48620659
65569975
19994202
92936326
66618358
95839484
33763205
21848383
81034490
69171786
32332630
54953098
97743787
79724287
51532859
22088450
22306864
32682291
24795961
92151011
69434079
80993232
10207203
80518551
31446315
40340732
32356695
82008819
88225982
82303066
18668017
32338434
58042303
45809428
44446058
45552696
20060005
24428724
48722979
23670790
49837591
29251006
89110792
87973096
19610624
58240976
79939245
59443584
55901832
64027552
46294605
16636888
96755040
62884301
64999006
68190343
21928992
38697151
60436862
80134915
72830048
57581012
85772290
51993959
21589630
95276756
23061099
46452475
85420442
71286409
76390214
21855282
42878205
85533843
74463924
30466469
57830408
41622965
70224458
25532580
66902972
53296934
68019493
87555625
97489825
71972537
69642521
81905898
86267227
76357752
93320337
14132516
59476641
79978319
26081389
58477913
54576844
75332083
47716741
39102634
81426190
60373590
62965478
58100265
51410361
58534009
28815915
11582562
15369659
11761195
33848863
29989877
84307383
10294952
58643169
45633543
16532200
69127181
62735308
72386167
13801545
43326850
48268885
33891941
16167331
27712327
75390492
77182602
94618516
57439654
92642563
45393665
18357436
76989797
47248818
90928647
96162955
22347984
29678353
82758900
20286312
68544556
43437632
67078022
16638057
69699379
81898014
65194438
18550363
61249636
41689805
27633203
30822869
50935644
66221958
34562026
90867691
18808265
79407657
49086434
92482213
11982640
39975775
92408936
11547549
39501434
24903805
77933381
85113176
24980152
45477120
53580887
40259738
21520295
27368145
25690912
28181915
89333932
70373671
51764046
91979375
31420652
42670492
28307079
58427744
64060640
75350732
73745750
51992909
34293125
12036168
47055824
75191894
70205532
25198877
13323945
32481305
37332930
68674342
42887577
67507670
53417695
28272397
92581259
95487095
86207489
80175678
46421277
22969232
72141655
48553965
93210318
93258739
58854930
51596733
19647633
84630949
94935019
70074924
28285777
43000296
24843101
74003233
54191551
42163573
30317391
81193708
37284001
81594084
91738290
51175395
70749721
83693233
13479935
98966009
38285483
90226794
79129244
84415592
24075234
27472224
25678574
56437439
76771722
47029587
49417167
79362493
95986221
17328004
23761750
13363085
47361174
80378693
85390445
81234608
29529988
40428925
10508668
58625711
64891116
72287847
45874841
50466480
54946063
61019054
32076247
96081843
60690025
53024273
63749229
19458373
88354578
91673768
51642522
89604420
22199883
77326803
96262453
52747513
84615937
64872756
38169950
94083953
66270857
16679451
49437202
29768758
21034068
76798056
17761768
17855643
99992478
97334679
19672941
29631660
22448272
86301523
27229247
43985318
90317592
44390627
99465256
37029716
12793383
86071181
17813523
47973860
74021861
24677081
26809030
49820275
63841284
66547845
98561985
20383969
68002398
22484381
80160462
26929032
22156353
61689228
44164652
52441860
90688816
25560077
83073916
42739041
61571789
84554070
83640488
57345565
89044319
12975587
23836273
99900011
14022413
22351389
48067855
58635513
71066929
14771350
41536710
21698340
75232924
44255365
33679382
78304667
41002680
35029051
23948992
26884597
51580375
96231239
55187704
37662892
41543890
82723445
28501905
87550187
40473069
71275209
68151814
82478513
66165166
70058882
89369573
14122513
93219577
47441153
83073234
82008576
37438837
48223533
22011722
91656614
50739978
42932941
84670973
60134740
78039445
54354955
70660109
56852440
73271453
48905306
45015655
12512907
40024454
36449111
71172561
40430525
67320955
70616829
23553258
11610069
69924229
16414428
90973757
86571146
24166559
96049519
27069712
80515065
71344601
13261491
41383328
37261848
60781125
40766104
27620446
35254303
28899840
11408347
70091246
37068254
64881259
14025982
86794195
73174340
83859917
89238720
26467567
63223662
76539237
74191728
16176968
91193898
35972262
12247383
26437658
15001722
13241088
24090397
71965920
52459467
87311355
63714273
44548147
12717205
15015626
53979505
99976789
99620791
18383588
66526461
86214986
98773023
73844853
49431693
53500975
30203778
31778930
71797897
53736132
90817139
65151936
53517559
90715510
71531956
46086928
11176843
15253566
32528414
65796937
71089754
29473879
36673053
58135104
15436922
57791813
10440447
94981475
24078959
34458009
87893198
18277450
39797897
21888462
16807751
45345544
57803345
84960461
25431949
43783092
68638012
84152624
57475995
44127440
35156419
85275964
81961909
63106568
20403736
19415545
15949116
97735382
28891210
46363937
62631721
37800351
11387545
33768988
20126018
83830302
37470550
14901944
68135599
62978032
24364788
28258405
46334961
98227355
72005456
61048797
69020737
99000445
68563847
50335648
37293219
65008498
95048208
61201867
83022913
29288553
46436507
74100155
49783736
41944513
64275174
42378356
17452399
78418467
93560367
36295543
74692721
68676152
35092691
98658091
62963332
47301888
65471403
91129090
31202829
55174113
87726443
45324014
60407258
84794689
81323128
85343358
61627843
45763913
60177143
57760555
16169995
89890909
83335966
48670228
54489467
60162713
12210521
20545825
71534233
28113400
81910105
54028165
98888163
75898896
88666867
54917939
99040676
28755129
44489796
51740016
52565788
95252243
82504707
51949101
47310379
58530485
12262226
87416471
42915238
73918609
11644051
28464437
31582444
74424989
44301480
15709163
76866494
19432833
87670199
12354440
47178256
49530649
48469130
47739318
58554273
38691273
77537538
32767459
42106759
22147537
59761783
63714599
41539741
63723111
82707349
10571699
25664394
62221957
17455522
57258927
34510878
41223255
64749429
91463109
59742023
48311323
22688784
68809945
20375773
37656960
23357278
52662590
24719810
72281154
22955832
44332589
97045614
60432558
25202321
58261142
84761429
45970109
70474089
29059614
35138540
11486655
70593512
68718328
66189144
79300195
77782068
62425343
97039797
78558461
28955878
32428191
78832623
11127628
50311263
39238968
75658926
19756681
69645106
44269239
99376053
72253518
77043981
74894282
92125188
30236386
18387987
70841518
84202078
65703262
31582410
17180726
77377650
50847982
71102280
21160028
28919395
10420077
91189286
52917001
69745971
85320603
17750959
50998248
20572894
41673448
47560791
71154921
86980069
55216388
52350146
92627487
40577734
12545372
37176221
66106759
19193036
22290401
34905896
40864864
54103897
73500331
88906114
72838331
85982571
93784479
81735566
99468438
17484566
61644502
98425905
34878834
18629096
30056544
86564096
85677209
82884838
79442631
19840563
51966233
18544859
41768932
45306490
65609458
44667737
64099934
11306367
92435366
56488468
95117815
17360002
17093513
46937117
94270036
12557477
30896888
91216044
43721461
70991132
43095592
40862683
56715921
84846668
25206113
66802754
87850254
16947400
12728438
32296145
71749703
32305975
48475025
13519627
84907786
70903827
12161350
97964674
84337604
28951208
13588656
31351475
33037677
60937812
34046687
62796662
58372313
10998224
74063549
51600583
84354583
87614217
87786946
97037622
88706280
27683075
16347394
87630275
49458196
91181317
77548419
78318605
64907801
31980733
80856958
73655712
89964823
26340473
66150963
24724930
97631304
71164776
34397498
22046488
11159308
51244511
74898686
71684593
22460828
53222437
98241529
82472295
72040304
72982200
21774652
80403974
33966232
17722279
78622643
23204129
76170994
10879524
93882117
73009364
11538043
90084937
52773137
43415148
91863613
95966544
42587800
40094060
99995173
95926500
69187228
42677146
15761147
41644336
43084875
10391219
18387082
64548429
43685867
17221397
65774834
17360212
97676872
64811950
15120754
54815753
83113086
84015342
56227469
50177960
83002138
87878707
62131947
65438055
14406187
17043955
49908033
69061922
41898430
73865971
96576121
30681049
16713908
45259045
95606077
92562094
38922317
56077597
51709014
67486309
20023658
22111096
81133742
31329015
92606346
58636816
62615605
67289584
18633877
75601343
89714779
54710481
66910519
76763494
20175190
74371884
21414900
65341384
31520047
15718610
94480556
10609291
44448114
33404844
46516529
51195417
55746963
15330960
68400991
31049348
98372038
46940899
16672443
94249012
49987712
18958784
29101577
93005947
27470414
67853170
56702500
91494123
57969297
10660943
63295187
61527110
45769406
58469129
17754978
11140847
66590774
78206331
81294552
39144085
23283679
37275622
30768231
28605913
35182885
97494760
51968971
25724092
57731751
30246504
16928701
88805190
22930643
66522443
40547817
83487286
62988222
28144471
12958735
36496931
43019944
33282593
40410373
97543537
27577319
43794683
10852683
62844343
18966277
77982539
53556103
47822828
76867617
72686804
51210552
61554507
34797186
95288406
51808760
20541462
35991090
49772333
94402070
67194292
11169011
16918098
22463926
66452190
63562579
15886605
88274672
39474229
55455168
88313891
24901248
61279862
17562898
74443712
37817274
34729652
10323381
94936860
67259678
64491223
85600494
79857813
27869849
43866587
66318187
23588360
36299938
58559486
31847541
58971839
49002649
95009408
39090267
92412354
64535252
41488119
92083292
63495048
50893088
79470754
55449935
93768948
64813827
38180005
35752517
30233748
17348077
43373082
66022018
22004938
85042660
14706121
12286796
50987238
54366157
45175190
84010671
51369773
24205985
51628412
28428785
80213772
60696000
67904721
39472356
15488169
49021229
25420111
37767937
11064070
49575604
58135593
44466367
86535214
88043233
88675115
44322678
93066703
46273172
71602989
87343293
68983727
34378109
60634188
10113191
22401137
39373023
30535974
64058673
90046942
99381704
68312629
97812571
74264463
68634113
52379064
25276444
14748093
10656311
97308520
12613894
70180161
74680702
81482287
48005337
66461888
72449087
46488517
90046888
43283594
28319182
34087286
71847099
22918567
17668889
98701647
87955135
60335363
33509313
23760611
84219912
70599613
55365613
31027717
26253420
82319283
34173247
63217757
45430545
93740973
32744426
74640283
19643801
53983458
21224328
46584471
40501345
18403517
44879252
47471333
80229581
35587041
65830354
24162872
13271288
13095396
78469977
46342826
72277767
25679678
15343212
89861732
55904238
22952682
51039694
82697193
41743164
96603424
74372038
28461801
17630037
12038063
40689533
44418363
38570319
25093418
58709024
93892127
57218569
24429528
53748319
63859604
65183994
27476678
10536952
45779343
87724709
36991498
99380703
63812156
91101327
92073735
35114970
95696510
31307858
32290092
84856619
47262038
25712453
21734014
35888596
59019032
32175400
78438536
14616983
74925033
73415868
53523164
21270944
58897916
36657701
87518774
35539802
60450882
62744031
86749207
67841627
63510121
47171110
71212271
57025673
75070416
77520945
83967821
76459268
63177769
25215586
76366310
26803798
95183007
50016922
52026543
76554739
77679953
30716074
52432972
31308200
63930308
19398344
86851909
96470494
29945596
68993862
55067899
77125281
90873624
67362529
27487690
20074259
57673722
49411724
21638925
53698908
99651994
24675766
90249202
91281877
57230581
63290188
50533941
77982487
95979095
99424679
36213744
75166373
65381863
22201445
43930182
93997685
13497383
23297299
52430029
93278798
31957678
44884085
60562921
42407635
89895397
77253270
26364457
36225027
68447555
58841028
14727776
97754893
64949230
59009845
10013912
42385385
41559937
26182307
60529180
80482961
71772673
71308876
51748662
35283844
57990693
30644579
59654840
66753356
15833624
93794140
85971350
20032819
26001110
42253784
93117799
77638910
86175818
53071713
98399130
91114476
51556466
19583208
86728355
34085107
99332424
62387003
57196953
12641928
30645909
65033174
20939407
88855653
98848082
54120886
33414164
83859459
64136380
28663757
72557525
98927070
64999377
58073541
94504514
36296421
37235065
26882311
51375129
10848408
38320239
44370886
33649404
54815266
49035855
82751805
68094536
53993858
75236525
53615705
89474729
75508270
12569670
85122949
39585808
75143131
78050525
95385983
36546173
69117726
44557032
76506023
47476542
95181978
63503122
70700584
89711031
42879512
21959215
10683977
30778470
63989742
54197804
18419411
89335531
42057532
51922150
61749656
78265536
73406876
31232953
76658713
38117082
40800922
21644905
90526748
79166848
30805730
80636050
47255849
46503398
27907434
28152948
86242496
12216347
88112562
96833729
52385300
74894364
67611140
56116005
80178381
91850598
26872594
46198153
11539259
63196428
34007931
45883193
80027722
46397610
24466054
59074400
32394531
61596491
15963651
33186794
50746338
34985774
67754120
20263619
89817484
57497547
28517412
10039693
76418561
39366065
85728157
13898429
17469547
96624903
53506234
24133168
19656450
95492447
34374109
27163121
72684549
34121589
39811219
91683538
18012420
90756826
19607988
70180791
72323001
74844762
99570616
40712653
64078957
62042884
34448436
16999787
14630346
59867819
49460758
78620561
18562800
86249430
47243573
50531511
93384544
26205676
93291963
59845964
42573531
39924132
21928682
88677513
88654729
57236553
95524949
79473556
54787570
71764739
79123805
18894541
46774210
83043825
16297914
40557451
82810658
40914927
51755805
52390134
61680779
95108420
65780217
51589226
25721905
90593778
39768923
19302154
18021071
98398604
60410637
64531653
87351925
59953973
44075167
31764421
80970158
68373620
93620217
38818624
92305505
68531090
99437904
69569073
52274830
57493165
53786384
90593035
53173544
18360235
58872277
64660274
45981135
42031138
80181549
54665416
55395286
37497407
11828920
45399894
62346549
37637420
54948498
59269920
48341345
21648248
56712549
41119575
96307447
24853893
45033532
94756090
68054447
95759412
25476748
41480659
10000028
87524485
54470690
61280718
11138868
50304697
53693674
62845823
48299260
30296788
81972976
78026883
14308175
20536874
40393086
89324262
78932735
78791412
77762442
53732828
13423454
93416556
57558535
54625482
10195683
19146332
78116876
90849391
20078498
82645309
26431820
28745813
41593804
30115531
74582736
72802217
87580974
13451555
29738928
20842925
78795191
72709694
84840028
63256788
88829296
24783229
36300930
70773407
66163545
82082826
80549119
68880711
22335201
92699183
84059894
33851266
52972364
86856043
11842854
56291676
27011894
30631296
89432483
33695304
20285431
80059569
58002338
63766828
79624476
67034406
89555080
67050281
30123138
95458609
10117466
20173503
71910697
11810153
20363989
71387716
56733629
91654202
10201494
82432099
35383378
20428873
93786680
46132507
35359739
51264843
56618610
87175183
29959850
12668618
38141985
90858155
89698380
10254155
20372724
20792127
96164653
71697092
31097922
31730232
37438389
79532330
31791366
18674460
55084558
78195848
42862350
47244195
68850176
31728722
72138732
80509858
82747798
47451931
11623814
99073087
59379028
64285009
10270467
24528508
54631000
50722507
67483181
35588005
26412012
68778868
16631035
70978935
27017859
10534206
94085944
30544416
98968391
30993936
62603931
68489400
50617431
58173893
37363645
78658280
25912121
80451507
35799474
30873646
47641639
66591388
80038341
48277231
88621786
85807973
13853429
32745972
48839461
47657050
77037664
45778352
92502571
33407637
11945968
32195872
44676948
38909211
28128389
16074649
51597378
72732569
18870395
13898499
18646037
92539510
92378053
70712524
32902964
90543135
46367601
77509525
97924103
54324164
67263550
65460149
17875334
15318825
83716137
59861062
30354482
74582145
24030947
58760905
95154404
41149658
74858539
27363722
62164373
82938190
89075806
31475906
96164157
85224177
68710602
90446040
81624738
11319778
52292666
99156393
36477946
19831271
24633922
60703808
87270420
31611950
16956462
50193785
19323758
80768654
89609297
47494797
59398497
14095758
84631046
10594163
38758219
23781714
10761390
32590670
92405461
12792379
22493909
25917848
95192684
63009106
71356061
12923600
67495498
92950669
63573381
21464684
15007183
48781048
60368382
65434622
43301668
87981122
90395828
56628900
80119213
87414022
36564363
65568965
28911354
25546922
21596767
52633049
24927267
74473417
39313630
39722557
41971062
21645884
67712710
14987439
21753108
65367855
13472033
65074341
78374553
15225837
97569865
45964237
23567829
33830687
11910579
88223771
19250567
58863073
46671690
48556586
51720088
47285047
27585029
48567185
62803592
32630621
34944672
28386405
45688691
77161569
27469084
71821840
31415578
55256485
82884556
79161680
16972178
69172284
14810294
96419363
62099391
27918518
89632268
99460616
57532724
66791140
72653756
86934483
61266688
92039702
29444319
49507288
50650271
91979130
56601247
27139686
26918928
10475068
86124713
68687514
40972425
74397977
75120264
87481789
56879018
36210966
33557927
78141930
79336703
39508667
60927459
82717995
95470156
36704248
81697560
17483553
82834567
74266002
42285884
88163876
41433635
17151307
45255851
46383142
98005422
70622839
34563328
18291782
23621932
85384229
33005363
57836414
91833898
46546539
84139888
83500956
13822666
60170854
79847130
11345692
97048661
43077086
72857365
66697831
25921905
44080373
84881953
51919128
67201969
29385528
13621153
93771621
88928116
22976790
91764227
37098554
47079470
26639081
31672769
23249173
78416034
61586182
95295554
73027950
32479346
68515795
65671795
55662652
55720717
71970017
40234992
33750916
12711894
66915316
71845296
10020280
29061516
67105454
48498503
57031619
15815660
40439593
77942387
26126173
43407022
53777419
68756613
32942095
61974785
76690500
27472810
91770543
11007145
48027661
60850534
93136476
74410447
44624641
51297974
38641859
39631706
71360285
62053011
20624060
69757053
52307686
65245334
67988300
81861275
25937621
29301939
40683100
51138619
87114112
70593442
80487949
52659878
56193115
38682504
11669467
69309169
65006731
47945505
30484400
84738102
60616264
82240392
49764722
52025370
30947906
99407479
21162209
44764640
63831409
37281764
78806293
18599318
22874654
29973943
61664958
94746250
10078301
13790705
75948438
72051170
58202328
13056488
41597110
68274739
39210897
23518784
71122797
95559489
72854534
97223638
81622410
79597816
43067564
19796087
85159791
37276790
16641874
17529718
23460277
60390914
67154970
53309181
89825957
19903258
64519431
83800128
22580553
63147397
63670628
61787235
62021297
36094350
28130351
11264185
51698048
50234636
62960404
75144881
46761085
89777771
76713981
36225755
58819694
63493059
73707032
27230618
88461314
55857652
15602070
59979467
31470071
79607824
77975064
65679357
57947718
93524067
47713955
43439999
24724902
33052930
99079427
88881519
28387412
23345249
52354544
97978272
90205011
90427097
97357515
17155613
83869860
71892098
21001204
17749764
30913883
67582918
62569454
40928037
10583063
27741896
36385540
69788653
82247219
40749178
30549898
58430186
58400290
65587373
85699344
52663362
80368993
76040565
43296857
84176534
26736099
24419803
15109712
87448415
83095002
74917241
10592367
68222002
48831273
94499957
27843565
98814443
79911880
53978652
90099041
44658752
45333460
30678692
49695075
60385487
61484758
75199922
80322660
82482147
49758157
87930482
79640193
74136136
76730605
28220589
87464493
69942079
76770223
68109180
60466411
32306335
96769966
56691694
55068213
90890167
75400730
91116025
64644398
32178227
22576056
90942187
70081934
95370938
66630969
94035628
64072582
53815505
40029682
72531663
70967480
91547563
82027599
82699775
12543572
23898597
42539792
17331382
50184951
16471010
51517673
15423749
88988468
12503386
51517519
72484626
81929133
90455892
89070659
17565543
41844338
22927064
40127123
38631125
61088725
80362565
92814637
87362470
70129899
78142824
12849649
20923021
96402262
66546241
28306601
71204820
29661427
50878884
29661372
32979523
47651312
83545209
85338416
21241828
83653082
24905145
66697828
65139575
26195990
24957984
97007322
59805025
82999246
39272863
74981346
63195634
20663173
76318422
96057960
45180666
77558315
13479010
83419534
21685092
49978522
79311922
43093313
27828975
88790845
43346740
26588980
55245552
79133625
38748749
36131936
50649075
24122379
82433505
54555397
57897378
91646378
14976812
66442075
90964508
12635715
46574863
75994665
86314180
17281267
56740479
31240775
23664444
50585103
50808332
52109464
85398518
49863630
89483745
59986293
56194653
85342492
16722136
59790108
54963406
65098121
49478612
74313029
31156161
41986704
75242668
70267194
32284020
90209249
80142651
65716198
30782206
19375960
66615156
46482093
16888188
59766556
62421898
90301349
71745371
32093317
70732912
88589104
64005246
99964064
74239204
12593588
84868354
25224092
13434430
19783764
87775198
79588986
61715643
76959890
80143246
16067208
55374824
58051196
57518500
84782261
14230176
20769348
38508532
45205710
31068089
61839513
62521000
41020282
43890889
92898544
10454617
29379732
19153892
42152772
33243607
28548540
48398521
86634145
32911839
97920816
58728710
98511662
92010042
70948699
54812542
45498008
53132991
52327341
27099431
99651453
96665933
65964642
87384355
38683003
41489759
47051506
97077891
41048740
54350003
26699936
93331306
26975987
35708748
49417633
65331198
84050659
41233887
46036719
28046089
65423596
16554087
38143657
45934435
50169262
99839876
91198179
43815251
52782126
53331604
85878496
88352887
21008710
23552261
20745712
87229415
41007316
69649347
86249416
17087188
30203084
72329074
86913673
92323840
42149899
74957096
45976729
91736429
96951457
85419506
38150323
76887143
96050818
11116207
80602937
43671769
54734934
70136511
60432375
98750771
17611068
78495525
72431106
69472382
47618951
80083640
16592500
88130658
91705110
63869980
43650985
68824334
21510006
38899545
88968883
17446069
74353491
72283749
71028620
86453364
29063108
51188019
38813511
35669624
73022232
34864408
16873004
44647981
22441906
95200383
98377334
41492148
78715941
26454147
68835389
57662236
74582078
69178164
62473787
15696728
21979227
38187328
68830178
29730114
39330158
18210343
64525814
62863653
95372804
97992831
69356747
67166530
72679501
78547944
65953592
59803648
29505162
39851168
16784401
85497360
69860544
43465367
48410699
73523993
32134725
24813811
91375358
73096303
57561503
23425904
27142526
57246074
58139662
66151006
12501520
84263435
29876472
47305707
44115959
35571121
12019847
68640999
61330109
48228381
39814038
14253003
35505491
58595373
99458973
63675756
36110174
92220962
67235825
87701630
52399701
51390594
60417818
90764097
51811685
53349738
85847166
12219335
13952168
62905341
15944107
26495230
26994036
73516914
67265750
85030815
30006916
71383546
46297594
75360499
70845830
83648838
44005995
47485086
84050431
15968292
29675569
27480724
74079451
11079699
24417715
14396406
58546910
48238288
21862364
37095911
84171081
84736683
67117976
14847979
13820023
11291330
83816285
41535986
73637850
46812078
67627944
64082210
39662166
55817858
88647669
88228288
39547496
65691970
52148611
22912389
12752489
97332124
10487989
79561246
58865332
88667568
33372471
38394653
59456913
57677914
93974446
29622554
10565397
64937212
75861652
71273360
20100695
43496086
80325222
47865015
40012304
41972129
39578953
11092813
60795848
39649164
81401022
27725859
49797792
29617304
55625603
59009309
18410094
40149446
58272409
42341454
91778021
80017066
38814730
56157357
92967243
32864508
39833433
19063101
89332372
31208640
92137900
85320569
30125632
99159711
70809973
33323573
35053455
73677262
45452629
27230095
49320408
64646492
33615152
28059148
57150630
27739068
48504499
98157236
88355110
53912048
72548970
18821205
78674681
23699017
52385423
89907736
87230109
31860552
89160228
35818924
28120641
23609592
75390583
15034019
79734787
39518871
13157996
67563153
17354075
33370646
20667989
10588109
27008641
35607280
67420826
25772857
11704816
17067613
74581928
97007959
83886953
45877193
39264635
86342505
68608987
67140271
93238064
80287451
77857286
99941444
84415709
69338609
32750922
54980222
90670744
81823973
29002907
29819570
34250749
80524426
18324083
86153994
24842146
27601703
80240702
42497688
64498922
30538964
55092206
77897451
85345444
79712269
50357155
13491923
43394436
22244517
78192131
18606287
96705681
99550655
53334550
49420783
50136605
44270633
54668368
74658705
67749843
64272302
53757807
51811908
94883497
66358872
29625576
23140595
16189548
92275113
33624968
98578037
54549643
64136011
99086105
21118665
19974521
58049981
33691907
70596786
89987513
82500771
14665301
30302615
94365988
39602451
93779278
58430137
27225902
13658125
80701402
82601889
77803328
93499096
26241914
98236251
28144659
80226229
17465533
37026316
54137071
99543237
78309379
56519244
15697222
69120218
44195655
76376479
48065026
45897978
83788662
22817602
39667380
32015957
64300325
19120078
82407275
25921989
15141316
27455176
31016195
85628190
69452263
22153097
88478148
93626377
48320879
24730075
51858898
96078026
30917416
93205116
58042927
43350885
52957039
31152125
77099763
43855955
97977008
81907074
46383104
20312867
56366953
36651056
95134569
89646170
72028776
37367747
10897550
66143409
39549296
10403193
22229366
45793695
84830995
87410292
24606162
17819508
67481001
25270725
55331904
94480554
10575677
96981263
15588345
44112860
90461204
15324419
83275872
97666529
70977149
18863914
97295666
23279760
10247322
81501628
59342810
81540218
77924940
84406956
28579137
39617276
85889164
53270253
78509172
92068167
92235284
97594834
23482931
76678069
11920862
12483751
13375431
22646194
81917061
89425145
13311649
61012965
88927602
91391881
45988896
12851329
44700158
42677701
63927365
98773676
55521514
58230800
41155634
98243282
82206898
66099155
41041763
18600076
95263515
32304056
20251257
32751040
65450936
17140221
73742917
20730877
22356193
89540592
98009088
33320055
15194520
12737558
87088497
98999383
15905345
78047320
92251457
21930798
90484192
46142358
12008250
67106089
63199813
66059939
51206542
19427882
98487607
65122391
37735347
76348964
65348489
26554072
63737328
34247734
63608254
58657949
50362983
59658675
57130642
43313264
63607003
98763840
82101438
46307114
80632584
31247208
63647232
24112040
37504265
67871929
28337212
71576119
97632779
74521502
37048467
45618106
14136430
65610084
77052276
21362236
67271425
99327786
10758117
41689137
71596659
44633003
97379485
26405403
17350560
25455708
17940292
64853729
18734006
32117247
47764109
75948519
86358648
18762721
16974673
12618261
91791886
56421990
52740669
24779361
65750077
93943492
40891188
50989988
44342340
42715115
97124173
69612004
31952790
40837893
55260923
93796002
73539270
75138331
87376925
86372040
59383442
31066373
54862058
67713420
86569564
70173151
76161942
21337826
60309511
66419483
88665498
36367779
45738149
16889663
23855191
33015150
38297658
32286972
16496338
36122615
69532405
49020778
77919067
62323576
11530209
86634455
97771164
85390903
89554991
95905303
25173670
53045765
81940249
59496706
39806040
51965906
56345926
82088600
14997471
74038952
28979407
15665892
52635821
41595184
73690255
10800956
29360876
45266124
47528941
49959749
72009667
50310562
10482285
60748007
80394945
41405007
84487999
23886881
34116468
43742572
52427840
18702477
93371011
80650121
64908813
73829104
63655496
85951199
80623053
68464425
29700939
29766536
12987224
43448197
30264267
53958930
58982232
73405868
73940652
73905196
39859561
30059754
92758987
69457654
83461324
67727642
13354297
27447056
74543355
79141306
43033848
48751565
28223470
24022103
43416753
92946626
24920990
96761676
41741374
11328362
16134196
15271005
90005397
35593512
20480673
17686236
85872966
59517955
76206074
81279906
83369827
86689301
93245906
96195723
58349205
59675957
26427549
59909227
98000280
87147356
38163683
48833397
27251914
64949587
60551321
71173149
37366930
14141207
60355746
49843327
95305113
11441642
12626422
44495190
91235307
37825547
23695050
29009010
24987957
78168267
63065416
40274584
52821461
88893572
97665227
58011681
32307141
24345273
44347359
88231115
91519508
47561103
89344816
77329924
71663211
14606066
84818883
54926662
26809804
49453024
39064981
48241374
60782655
74968302
84666816
24024974
91669650
50567939
41250230
84040695
15983141
30676311
65920675
59513740
18310680
36431150
94492566
15056627
74867756
70410484
57455113
35758932
73942875
34643026
84400199
70174551
14150365
97952272
90706658
38025837
29188477
44538088
15168104
23222469
37357485
48774961
31089197
34738312
36573691
55290772
67984498
26448549
30992870
79497137
61385369
72524578
85186841
97096672
31510475
51194205
39835502
23485939
72042993
27746465
36122834
43914828
62646051
30078260
91544908
37405014
32706483
88795639
93568653
55207500
14403129
77511506
87921814
66631296
56234561
23752914
84124524
44116541
75703640
29401522
37701756
42867781
65497988
19376784
11897723
26883534
16739558
94495238
47018820
19587646
96157508
71961922
15615926
53208104
41375663
37274526
51186092
70534200
31940457
20992115
36503453
62205440
83502104
59009324
49013044
55338463
20259044
86573260
29345712
85244463
15900471
47291669
65233182
90452680
43574063
79293236
37876044
79802863
55916624
75963871
91784446
12460664
66864734
10280023
86648712
37037718
87633842
35760964
99607211
64603151
16695477
18435339
87037427
72099492
39109602
66292945
79074134
75586556
12702182
74768486
39814086
36493338
25929349
39923590
64603732
17972856
63669389
96153894
11221424
92282012
33684239
82882377
33621981
74697508
29210174
36253456
69931778
79182693
22654022
76779213
82930824
80115131
53617316
95117207
20087457
65735575
86451445
56459630
51520303
72572270
41936817
97953526
68055922
56871717
24313881
30849793
57905935
51005254
48322736
73345408
95545011
13981411
57689398
25473522
81719900
93653623
94030199
19530423
91083372
42899316
97751154
28000079
63295193
31706865
29978665
20676767
89983312
80031207
53185561
73657129
67077298
29739234
94122510
57976376
48125184
92435948
96620987
22499490
88937112
88631185
76723077
61316429
87685844
22274931
49360229
38757726
54334196
26573064
44799229
61442018
12760964
26014516
44271470
77223315
67369395
43967306
10886864
96894652
56590093
96728297
34116390
37973003
93421641
53022130
32190451
13645114
75782458
68826203
65868400
46548105
63326848
53653537
22721887
93659554
78872829
69815981
91548915
40642885
61917939
38684512
62822657
74568588
99935381
84838202
37025829
63356796
63692617
57980489
22793752
16225164
14170181
49136427
11473984
72441483
63878621
68099669
80615034
92255493
59413005
31228670
94674332
39918876
27619955
53324046
69662012
53949758
41531472
87771052
31340763
54434692
27042935
50123181
33462933
36847217
49259404
20864776
78180237
46459408
64187794
60915498
61689468
30793598
26382681
98408017
86370507
55481668
99621832
75147766
40058748
68369746
50373256
65263097
27341863
67726271
84340765
44292337
29096651
36106887
11084131
39257184
34761349
32975947
44222305
22068827
78825083
73320094
77225415
20528806
58901988
44394115
94410052
25376631
86648732
80670814
82617151
64311762
73586158
40238836
12815647
49100562
94311219
96583515
39059785
59829448
77233540
97006768
63440058
70402872
92545253
77037297
57014917
43943479
30075630
47342498
66842006
40504729
92253381
71672200
80142812
59934637
88012261
77777866
86260952
82757184
64040766
41679259
25927958
38408410
59938903
43818701
41577098
40148611
99429096
37425239
98599193
88334091
81456537
34874242
52884951
20349712
36703622
27449664
41322122
80085118
37404381
51365962
84534218
89177102
11204686
21317291
87501100
63683416
41094861
36910384
95014951
76008401
16824287
48807473
93331690
37888498
82795261
27297861
61560526
28553785
33605125
90697026
69086924
84272552
80782557
10602839
94575751
50200811
30005006
26336065
82065707
54342598
94137677
21454546
71320861
12478867
98343932
93129758
67853220
70488961
65256385
39342747
53199754
46657503
84574300
68104721
95905062
42986540
97402942
82080801
21245499
21594646
64740981
26531462
30784947
82848681
80318333
47973814
25493160
99531345
28519448
64639809
92806483
99967347
43875208
44157445
68639632
29867452
37491011
55033038
66025922
15024200
52462433
60107028
91582171
59576477
65326705
20430384
51045414
75887122
10079559
34933911
27526278
98894707
19259773
38046938
19374361
99389918
64580883
57627733
95391847
62507155
87244613
60819812
57572425
86641113
12267436
46765385
24722050
40739656
24621422
81348217
27715871
95686409
50027839
12211606
94401710
78118748
80067674
78953628
52535329
97435608
91098263
57981821
57504010
16790208
33446454
69152755
16235546
89743209
95479602
41785150
60398769
49095042
18941313
99495345
11223027
84414165
68658046
85703749
10376217
53653202
76740697
48187678
32421761
73709724
88827261
59147385
58272823
66704286
95572757
68523989
78578885
16680669
26611172
59309250
48580052
52356217
87258050
85221872
47375201
33184371
95994112
68869287
86956164
78605366
66937368
26852970
43050410
35245742
65015113
77388180
17045089
35210238
21245496
77164515
85899752
46764146
80952066
21355265
40109828
26871306
33467983
44668678
62510587
59384860
29006477
38036116
21517872
47346474
74017483
23691301
30107345
27430392
12687063
73688477
83241444
32713153
29385817
14449511
88868443
78619080
48862165
48432356
64137323
70404980
33515786
33635076
11409304
43501366
66742848
92873469
77234648
39004793
18174170
14400695
65901578
29361283
34701839
27679758
97301619
59653811
65381394
23236208
23538303
21344138
76395295
98764161
18930084
35579010
33799448
78038373
87069760
20329691
64669298
90672527
17332231
72941582
93917394
69666836
66460325
76530591
14849541
18209200
84583504
55742460
97785682
81258286
20353332
50841918
93564342
94615880
85731668
34069473
50951496
79621498
77062073
61210947
77064072
48105096
24816932
93098096
84627232
15058666
48435539
83254294
82058972
13742719
23204669
81217909
40303494
66848474
89133492
84222551
16036040
24208427
11158594
94864603
52134589
23917460
37356031
66582004
25267564
87746354
75158723
61617781
86379947
76384169
35096654
92668966
56553620
92292987
94384131
52668495
47341014
88603462
78617108
58392940
91705078
63761914
26762946
59394265
15563800
77126422
41913768
87973717
17101660
16809857
20039396
29136015
37969567
52647765
58931904
24597061
18966779
13394629
50467293
12367087
62331651
78057556
53937064
30046771
46066218
91240516
26885722
86840449
92349762
75576532
15311568
47289115
65605060
91101396
46530374
86483598
87205946
32885813
67204878
26492647
25825976
60718916
41892266
56238758
42507449
99713716
32769329
25780270
63699841
42691213
29940795
52411233
56291672
53266646
17886323
88577349
63843695
63772566
68658308
86701095
60305997
11818308
76342320
73603868
84865782
20834821
16239064
71816346
80862364
78972977
51061147
62446942
87108079
98035144
68998826
40010359
13311379
56904833
32407005
78300898
59169609
33576035
26511951
50969994
30517384
39021277
13327182
43588608
53751051
54156038
49834118
18013097
19570118
29319991
39273596
86871119
76737698
48945152
28034552
76790682
77855815
50378660
91980347
77485124
94519540
22867268
38511620
62296258
74991849
43367356
64243759
79655896
62975057
64363963
37982254
25606242
36022960
32035554
94368794
82304270
99605335
88693509
52690033
31925446
38702238
13259892
18967558
69161461
64069800
36356741
14330261
56575963
81919566
19663323
82791402
13601315
64111288
56942513
57128364
55758827
78026164
88195077
98424108
73865833
59447287
50001510
96753992
97055009
55739057
53537572
75561489
45859736
79542856
41218201
78294339
64824718
71575887
25167154
81286932
30373055
81929088
42996533
60515606
70560299
46478572
85926297
77285671
34956929
67335915
56078414
91332555
56301548
39252578
72187994
60240736
76489193
34614732
25535766
64829784
75207637
64798133
44410947
85442119
88557859
78870531
48598229
44130342
46144535
44138466
19659579
28783240
14737171
24494991
39798269
97329844
83601628
47601414
12042325
64995146
11802811
13288975
14468583
36465436
45195991
98452765
36937631
55822478
80754632
12078186
97982905
82530465
21487938
45407403
43359780
74239748
34682707
14966567
56849626
39352424
57274692
29473233
89923509
47947210
83980022
41872320
85464959
99053870
87911421
71956145
81117153
10624116
79232179
26960490
45250669
79640113
80656287
18461862
27618956
43968806
87259031
75817317
75433325
85994079
20605523
10800960
80589771
58011097
48384075
19811358
28522532
74228176
84299881
64208838
45684760
19580740
10439211
96071380
55921138
45478470
80728960
48013616
86308731
53915480
22825860
58108741
22353981
18606575
50814188
47585145
85663131
17788404
28473006
30411095
44564324
78711822
64630848
52580020
77395578
73246632
34412938
79683211
38301329
17361338
85820951
56433298
92715312
59870552
31286511
21617487
19010732
10249343
73224154
67357101
48122651
79162127
67781863
49486331
87724282
94545464
25976670
20789014
39385839
96285331
42448591
53784266
80888031
85820710
60870299
69785454
28481626
43043014
90941170
19662040
86067708
75764792
88616785
14702277
21758247
78714004
63088166
15308013
12379917
81613262
54062936
57742983
68321038
67007345
84118076
76906672
64274721
34764785
95183422
87342672
50681869
18509180
29867558
17838954
63608233
67222248
69863836
17281499
60639703
73505486
38843155
36763530
96107864
69458571
81468609
48851100
21029302
95183382
87100150
11475485
80264056
14306676
33128979
99830236
49529544
64706863
19002458
51617983
37607205
74178882
74732869
49765568
27405759
57167720
32024587
24886112
98322709
71165352
74429175
42060316
94254215
25571176
29965654
84947001
31423931
67429800
73652764
31500541
26447669
88797976
68738834
89671819
83032606
85846605
88331985
80870463
98770890
68346367
55657959
96573534
46850495
32140796
10527128
99505708
99422833
31080244
81669975
64564148
42333723
77735326
39506728
74611972
11225558
36952682
81458814
46821801
21744095
97915229
25529691
18347549
26088433
98759997
91159938
14123788
11272633
91360250
16151123
29763094
79946998
47534053
76227978
72015700
70194681
35772231
23430303
70725674
87290883
88128857
78840437
10213105
54903997
31771371
81456828
74144789
37702953
71903006
79952250
37316929
30907202
32349240
51171257
47475641
11902228
55273248
86132809
46190585
29534415
12939938
54683530
38052840
28569275
23515797
68246109
34348467
50226892
70562575
71355435
37211886
52933148
36319132
34099155
77953513
84905299
46509552
96528244
75280401
23284058
39186852
56448358
12150712
99171808
72260895
21029220
25668565
37865331
44940004
61748240
93305157
97568657
33526092
35765264
60013954
11014167
20855883
48443654
13750877
48882576
47832232
59379268
50913955
61694935
19731356
25441430
23130259
34365972
36647629
59400337
53508126
22175079
59714066
41384135
41907851
78526698
73330693
28230006
19032968
92536196
36679655
70607430
37096777
72403963
25494183
60481839
30092219
47236575
22916125
84030929
87036511
70080149
22073487
79039279
21291083
46291335
68030197
39702174
59393981
92303124
54405845
13022228
74355691
58527240
25860154
51851606
46546406
77445934
83257944
96701478
54180279
83876736
20403141
77981781
27870286
67563445
60477275
82223404
77544362
66375673
59404717
41581409
61441921
96672062
74945880
33010794
89466076
97131188
58245018
53844274
47228285
37693873
44104914
33966671
42505286
71847663
58289937
37206482
26838675
55389611
27659059
36818260
85604129
29517659
99186557
28283981
98786059
99565036
25036017
84400175
13528116
76880719
95487384
26956934
88431088
74903159
61320927
22122063
42781932
19766647
91523378
52955038
14926052
82967910
52608711
10687969
20818125
78654416
80890960
58424282
86957560
12067938
75393924
88590940
94862898
23478654
69954843
97918902
69857068
44693390
18927925
71887963
54450370
16084458
27539995
42031592
41108883
44822559
29441550
37778173
12017768
12265647
89292928
54516399
41375238
42025127
86559406
36150689
22805722
88566621
76484310
21112552
54366132
48161103
48721847
81699155
10533785
69605463
29422937
16812839
91591469
53252697
70850214
36979881
54405716
80043303
84970521
31915103
97081639
31446110
62787519
71759801
60238617
65714847
80671215
16761492
60895555
94994955
70637319
42308398
42448896
54881536
30621543
88109078
93468673
72327287
56449806
75325581
71111806
99750998
55260125
62979282
40914915
16744653
56369970
44683596
43237413
44750381
17126507
86929739
75992903
77511068
29398681
46196136
19883961
27599486
13058496
49453344
18121241
16335504
20469224
69370671
82348865
98332897
45420092
15922113
93895961
31656607
85292459
34002842
84109303
67214440
11230046
83084188
86112454
17381056
14976956
46998926
36311942
11744313
24571712
64789493
87685955
84842198
70429668
28368089
16339167
52734955
27661409
58909976
59350121
19957572
76945071
41431158
74007856
37861447
39310771
26480812
92886266
22313827
42304698
61775508
49384231
44373542
73830173
99026913
67440388
93038879
11230470
77264245
51632104
90480229
21780638
35390386
82592039
79308267
58717617
10559099
96842305
46872977
36619901
82643932
12205827
61381835
33939462
94852778
51226306
64196696
98668055
24106300
39949331
59126295
34514883
31911159
69010387
23535483
39108711
29454551
67798492
41565200
11261679
74310261
53823563
47244932
47480002
50388087
70419936
91935167
20740130
87441606
93035849
67709994
46393516
28253462
18448492
33641275
34083385
62526059
66397740
15094254
89158321
80821864
23830854
48090969
18546110
80199223
77683469
37595284
16036837
46091094
72277559
39588556
53192124
29853692
21036159
52292338
21048431
87035330
32826348
88127468
68441625
83984986
77546689
79593340
14542476
10520376
15323154
83448616
95275734
74020988
78141213
97636929
71245528
71517449
72697537
63923417
62147708
21065091
71147728
69033429
72665734
99761241
51443091
34870186
36929961
93966677
54209284
95471549
60116399
52728369
58754951
47299728
37655771
64075445
63095613
15660274
47784337
13676094
77896917
25208839
61456969
15905778
42027795
19537125
74455795
69383743
88293036
60713243
87278064
14894126
60495406
44355855
68428121
15159901
61325783
81873498
99125161
94235901
51875556
89074056
78687787
68430182
19448283
21718059
59596268
33495419
29893308
90189446
21772253
61517580
39706474
59068815
70771857
31625207
97982417
31031693
84590564
15833479
27249347
86536573
90502882
38050986
45164676
26600183
97914083
87351623
85229104
78923425
19753195
93191193
68146844
28246033
22427622
13695596
37179543
57831835
96387157
43408415
90135681
99656410
89978232
46436091
80054554
94066078
65144042
54569815
76923748
55378831
99074865
84803251
45847439
23568867
60193599
42473190
85356302
31041008
69635257
29438786
38026669
69064123
65514768
44344355
72552355
75712900
87169631
61027096
22047609
85620245
17003402
20197119
86961452
34183826
69506498
85465186
17327682
73540428
46845258
60014759
88651580
85394064
52681918
96970240
53621740
58660553
67806431
68643774
30292868
76168449
65970420
46309864
24528500
75930143
64917950
82204131
35946385
65118442
74310615
97988797
69693952
34413139
65656684
80609321
86237102
16018012
68265720
46194965
55823254
32665416
28582570
29179064
79709666
75174935
20795909
94568414
16887852
10822448
22089432
12919116
73215664
92772095
24222433
87991035
17354464
90640478
92332489
68215332
65566916
84903569
46731752
72047485
17702132
40362859
79054652
78231495
19846190
56539222
98872202
43262659
27977149
80584862
43642177
92923567
40665333
53309253
86577438
22511469
33214276
37796625
43223286
86235138
90413798
58299845
53458306
84227562
61417584
98801770
60292638
77674659
53173415
33596866
37429390
64989181
62250746
94179443
59658775
67728588
62580894
28360430
11371287
30520782
15048709
65546863
81550818
55268318
55058743
22157635
61802203
26183739
77161851
58100880
70234154
68765184
91453515
74037042
86878037
46335699
59899012
84883176
63986601
82919529
70280066
38895656
57986170
24245454
11958871
47193236
61650354
80458489
20471769
86875041
39278883
30539196
58561672
35260468
84759416
45894551
43166049
63520970
41022765
41895956
88958278
27695322
50670211
19977908
16487802
13008908
30486451
59560104
29794849
29926569
49557918
95617546
58618533
60142692
14283975
28998006
16014864
83493927
33441842
72721625
96447099
27096676
70752902
77077387
32241146
34435399
67886928
49263738
72272715
31200472
31912213
40021921
27633913
73106684
77927192
71094653
17352749
75192342
43355358
33676127
84299572
33123253
32891664
32868456
38050826
88748842
57402319
65854908
12734172
43126106
60414525
69175579
18404915
72404303
26749940
77045490
87309934
83128482
24590577
52204393
81874062
18604309
46486459
38483106
29032595
31030207
59615362
96924630
33376450
54108039
44197679
46286069
62089582
21195298
52403975
96901732
64150054
47702072
58102128
87180425
14686275
86920411
25569406
59866419
21902093
61875103
81414039
32122868
56694879
87164909
19879998
11725254
90569079
70194207
49239312
30662179
24756350
47921446
88018363
99251426
77375597
97425965
23486985
76677004
49211939
80253323
35350744
59704814
39993549
13731820
76698001
20245161
24324433
54089479
96718382
38987497
87910056
10176257
99786352
79103958
10946302
11410495
55031015
83187028
18573199
76566800
78955581
29116333
87985015
74742725
77659781
80983580
67254130
65704610
54238246
59210859
11323408
82521473
76681374
10795172
22578946
78382969
58808838
69953513
75565592
97414123
51161535
98887455
72916786
28683534
53437052
83605496
22610890
97129134
10777329
47882177
92833748
53019670
58981874
80335073
41918260
69012138
74827897
43446382
25651784
34744310
80709252
34536839
57900627
13578142
95344367
36724997
22240666
94980886
26502970
83432415
62634682
74619767
77075810
43952063
45508585
76170075
88839979
28791033
73118856
94014508
94378187
51684933
35703053
56647879
86425087
89782704
21867333
43556005
41763565
45103321
54402857
35398178
88742715
44425830
31823767
75022511
82381610
31624223
30282662
37933163
92046317
11354533
10448816
64556504
76456281
34838617
71619223
37973929
82662943
32425394
40310932
75966718
36258106
15839907
45284743
43755430
67098647
24093254
55875741
45165270
62905521
74159899
38631699
83682054
74783660
41818480
46819146
71150375
71277137
96526845
85524341
17087144
38380822
24833788
28290464
86965237
55124142
62752227
65310201
34911013
27949037
96944811
81124918
58995182
93651784
63122126
58590086
62384808
50226675
75402944
25380612
24719066
93533679
84453371
54919109
70949287
86128657
11217389
79656299
18586611
44928395
20743555
68381450
10409559
78061061
79088666
76147860
71443609
22479479
40016969
14024585
92613126
73671030
90360560
55041291
62519891
79054144
86668515
74597294
34532412
26170217
37332550
83721281
22989095
79306271
76955289
20218973
25695229
79304135
87758581
28062646
25941516
13682450
99180832
69819485
69357889
60467902
32096127
15014471
12704063
59679409
25225916
94822307
96504943
68500181
18056765
72336527
62097331
49539165
29002276
65917397
55582061
30223939
79191258
59631001
42443482
96132859
81793957
77899864
22954624
57786666
86530084
28145303
51781846
83358177
36078283
87741437
18840684
62410433
95013828
78997497
26114898
73176188
63134809
52914934
13572303
18019116
78487030
66981462
82750296
25328039
67446635
38843030
77336834
32639268
26596781
52630245
30014641
12300375
17696979
74107233
23553150
18282401
41496842
71636864
26250660
18527229
28407633
16145707
20248894
48226631
70050943
58262134
36703418
96616302
37787560
15677299
59894647
15549486
21009647
61163777
50980926
38710131
85215853
79510824
59638334
88635324
47799762
53655978
72235262
57620123
35627220
38093783
74374942
35024908
60669790
47042406
93783346
58664370
84203171
76208602
94469692
24800000
98903036
82191387
14704088
85522899
57582005
25407752
21943800
98657961
69265910
66869964
29614232
12481987
22566216
92185438
10183957
88038585
57259223
43944373
10291620
63343935
31996413
74390718
16796271
36859807
50508689
65786325
98626092
74073385
19509501
13905941
78993176
52409097
24850543
57296483
86446479
80400802
36897495
97227861
84461728
70565740
78276304
48492430
23099351
94163307
92217956
37095047
95542055
96544340
75805873
72011263
68647046
85285372
29731320
89950245
26488340
34950739
18920875
94560280
81613313
21163160
21909764
45181310
79464777
74915583
34510805
87751923
27595239
87922234
60744125
61853215
48702736
86120868
21039575
41138649
52855300
65411443
43460283
95638090
94633450
68786237
15672350
88150403
93910170
55657802
25368434
34423130
50169333
93168462
37189681
10435403
91719479
13936164
59897248
59264493
29725022
61153648
31444513
83702319
16539182
61664187
13651410
36408798
70335014
23568359
76495330
69622648
48251232
63441037
77939679
23909773
20023979
86725540
55962580
73155831
89482198
12122507
54749309
37278513
92303379
63150253
38023619
26290261
58559859
16682953
56510872
33555419
56800796
88315769
82786774
81009051
32399116
40169098
88212728
17679731
24299010
80211206
47920083
13948755
62215875
90776725
11455215
13615031
98283901
40431808
84855471
65753400
89714240
88948464
82019515
79506166
53946594
95758858
49922603
86184333
63938897
99645889
25015142
80607939
80414562
40406236
15066867
23674480
68558465
45421751
65668283
47798135
90418767
69218562
29307684
67620379
66205346
60173610
57600821
93081863
90716447
48441782
85234284
58578951
84537173
53300410
80167339
81809081
53171686
77132829
93353150
67865028
24215462
26449728
15998855
64049600
52826476
22478987
23260437
41027038
67438981
90202252
90329870
54394774
15439419
31192491
35531125
99075166
29590226
62848991
84139102
28046233
62762404
73330016
43173647
49006354
49874609
64709488
97930301
51089216
19042312
18419137
97676524
38152292
80681816
70123031
87521816
51857228
85415070
24296161
58220285
19590342
17712247
26336799
59592577
61460782
23318044
40661486
14544946
85790599
16688298
31074842
17200541
53814443
22180648
24044158
88474848
85918856
64088141
92018662
95474194
31975648
56095053
62145895
80594000
34629277
77047470
98724437
29474153
19414814
25526556
55657604
39445382
29540885
14276494
70318728
50200402
27589566
26333056
91142599
56814993
65841994
90958019
88033715
43975534
79985682
63237418
46223817
69927996
70809151
54317687
39917123
75211173
73066018
76667932
17089680
25812842
36327977
92757070
58049457
71588083
72008683
77069430
48157002
78713586
80902527
55426117
74893421
82112984
42956002
51555510
25379073
24745315
20592844
21001963
17560166
58877833
55093855
33016928
63721881
91333049
29794738
84304059
57374595
83654573
41476894
96370828
27073336
55882256
60204252
67410383
94365134
67923452
84284273
19670980
31482601
50550379
62822354
77963555
25925614
20876159
11817652
52370817
88532472
42542067
90376775
57566796
73547022
20344795
22200246
37154458
55877395
17773516
26816791
72854668
42802951
43383825
79525730
61597075
25778939
92491391
98100643
76464650
12471376
15739651
40361064
48886087
21300232
70790487
91714593
47709384
65102690
62162017
43340898
27319732
38795578
98728316
16562082
82515622
80237193
21307723
81852037
29240956
26552641
44145134
97348945
31686024
66025958
53844808
82095445
70392231
67379986
55346112
58815787
11203979
34274429
96650829
39244516
18202472
90804318
16723278
90877278
89936974
12740953
23797417
81735600
35309321
27265386
38348467
64340259
29939971
81859221
90333289
42238971
33072954
96433617
48641345
96536533
55404446
40747837
46227267
71669079
52527852
83633026
98985620
25292294
15167908
45820519
21554185
48469887
13136396
30152243
61601320
15612142
70693170
25375865
14125415
56022356
27732150
26692296
85276671
30166438
94284463
75032066
84835852
74583268
16583228
43729753
47759510
53843658
16494109
84201189
76654061
53959783
81806091
33269601
50239166
27232757
38870110
35767350
91044491
87992750
79935402
41557327
72316037
94503858
71544315
86750752
16754553
80974826
43882585
60737950
18771680
39333030
27211956
92564659
31300363
35159960
28897329
72152081
56729858
74978049
72513510
92113076
19616113
52007111
49259425
98271612
22807831
16607850
63171997
64908626
41387885
96446613
69660383
14677579
60065049
93524765
75797440
41711431
90750540
64038099
39099411
75012808
81898555
70258160
60449582
36866066
52757591
86942994
79501597
33398478
64332635
68857292
74273445
26218718
34624146
25190463
18582672
42833400
39979855
49547897
72814889
86179568
13151852
58759568
21951536
90921334
63253364
70120461
44327826
29939984
17969934
62314914
53382928
69914563
42445454
91060707
56778129
76268746
71583186
75246181
26986851
59733595
52904994
43485699
73427579
66943853
19954143
36718602
39569369
73311481
52817569
65725149
39437219
25019523
24971315
94358395
96445523
86150221
30618513
63076090
26726391
54203558
76911333
18855215
24739374
83337723
87117373
61293291
16561057
56371201
56885525
93789671
91943621
52015686
74081140
30549476
64713501
10216479
26069438
88779123
77496753
41831500
16457108
24188739
31774890
33195927
76458871
48017902
25046577
34126516
23702062
61318317
59768305
22628163
95573088
14008193
79248071
89217647
87913946
75555487
46877698
25965748
60949674
19031611
60811851
90825787
94176892
93408249
73103099
99186609
55479925
74785854
52800816
97454434
55994333
24154323
28154646
24780782
46335868
36417415
91404000
86647905
79717536
83689092
55745505
58962997
67449044
67437517
69625669
56780758
56346571
84441627
71294634
43545035
19986041
19882177
48777465
68715302
92385051
12786533
47997120
40222126
74565943
56103643
73843846
80262623
54952800
54949503
15889023
21939022
56569671
70198787
27727884
40535011
23417157
34239475
45150086
55844676
93406660
33020907
15327489
53360850
37416018
79895132
63928615
60133271
57808585
30814939
25060868
56099797
77770525
78150210
76714219
22821087
85293664
28363055
29597440
51420510
92405208
34862188
90372286
72120173
47505991
41214075
98948657
25567665
73902388
74178017
16897858
16398024
34110062
51969152
89467849
74715797
58728686
25513028
25697242
78327158
63467540
47483378
12669896
25864398
97288292
70857454
42770339
73489497
52009608
66386817
71160548
22986657
82057519
74863525
97787555
27196420
23774441
55577968
29569531
32783705
65534345
94887506
85982556
32830684
71002620
95442499
30790295
78273894
68689250
78636865
69287172
42357041
15182329
86760667
54127867
34851609
58814100
46528590
22742977
50333386
29196872
79280654
96410370
61655730
89730167
12985752
36113027
41683845
81141503
68362054
15552435
99871800
58446537
28402079
17258252
94035152
39097474
58809848
34714381
15798973
95141497
46895888
40251479
40847925
10111814
67394541
16596128
67593942
76337310
70913310
21463218
11801720
93440026
58261892
67015834
25981877
22761686
59966081
67574323
98113289
70167639
69492893
87537860
17751803
78129467
41383574
19533013
91316546
13941329
78139002
39043053
39697478
96360531
80714701
23172071
64855835
87886481
21706811
88766688
18150863
42329101
77107261
36577885
70588798
79490130
97726498
63606687
93023070
41850587
71710940
36085679
27587386
45936863
43221079
18791244
72252956
32788979
43793399
70785007
55232523
40155222
95700486
67351887
54519818
12867236
33131861
84160232
31665631
74363561
28203064
23653727
58951972
49635516
79105442
48834001
67754187
34335799
30691685
79151180
85229233
38417349
43122787
81685981
24308899
58550918
34517990
57808528
81641384
55898568
59901413
95508715
38413162
71239366
57952715
91967269
68034023
78113534
30651532
34729467
37564931
79650899
26746057
58486953
82132414
82111278
14283260
72601291
70775518
33076721
53393387
99455909
93261862
21343191
43504090
34418692
57092379
94334801
21062832
37209580
65960650
75481343
82602847
68012212
67077434
75321942
13979998
42858353
86418815
90721399
50157534
57457935
83188286
52662516
10529981
31563857
10169923
75466103
32356389
17216722
73173244
22142489
26081714
20643232
79306678
75308250
36883578
81540398
89437688
74472695
53071198
68309926
68735449
96887902
97250621
16989048
91193862
70176678
54357477
95642629
34217379
64133459
43248530
86403268
57178549
97705610
72971829
27469255
57291103
21917041
39270293
92059288
37464554
21531906
81782313
40335799
87203343
74678569
15282111
88176451
25455839
24170874
57760902
69757603
28224361
30509652
59148466
84928678
96415381
51416984
93222639
98904187
36375931
66856591
57879245
43938936
94883096
20351174
91626301
54947407
58338217
38648442
60701945
59987844
39588131
41590526
26183852
86495995
25562325
52719409
40838410
51004031
32226398
99239942
59905386
81200172
25143846
45090753
83874171
15508742
98899418
50681971
62897673
23771075
29356451
98680947
95591612
42394950
48211114
74798101
65690034
83288279
79487934
26008858
86933043
83767652
34161155
87743092
97388178
95454765
95783290
88227893
45854842
49503600
61261321
32187378
13781647
82277033
95239164
80901510
97982553
24829957
62390335
40172853
23107457
54859472
19791895
91758736
69620785
89964815
17288771
97318830
87406576
78043572
64068289
15419987
34248022
39150360
43206227
26227569
63032058
97110325
41708355
43081073
49437116
41699225
35253453
56858311
81945350
63716701
38652499
73267654
44704668
50340628
60913166
10601968
27722652
72951632
27207454
93953434
15663048
48133669
88800276
77044089
89655549
67066363
98549955
15600493
20528717
14731986
57701541
62507034
89669589
79309929
48435295
15045608
34861955
65645433
62596518
16494375
37510184
90298673
81960371
28769914
18522668
24346172
33564630
35638938
51009344
91171144
73624697
78344873
86744922
81365009
99588170
83147465
95501215
44605083
87045291
83918895
30832811
16597239
30023452
53411876
32795798
84752531
15719733
83003972
37190233
92308133
48592108
99821096
62967453
73889356
43636681
90552295
97373610
30610389
12507157
11950605
62374352
11195727
46284755
99224581
25459773
13665481
53632004
25275379
43551682
24297436
11512567
47179250
96587652
31536455
63732287
52469758
49921347
60616118
41571014
92625378
61374838
75530061
53190717
36557088
25863087
70795692
84736405
84308987
75039178
15449990
37346776
65763774
28879526
73287905
12117114
27787178
64494003
89026998
34105961
51610046
15643645
77568825
31554179
44916511
27331147
59134971
77386304
75944915
72489264
87284733
66278319
26201063
63516851
70282220
66610446
87671968
93870467
44261703
24932703
49514289
86803566
12886939
46524603
50192091
21203545
92094058
51493099
90194329
94923588
37143285
91819498
65608493
98067918
53509464
44662845
54475356
41214692
61562997
10434727
93304058
79097764
78356256
54762047
28691900
70717239
82226882
70838795
38436617
44745861
99295510
42675095
37533057
15807938
31006784
12998890
81382016
98020085
38146634
66670564
43967416
54980055
28214820
58641553
18903189
32931968
49906939
46646199
48265992
58917091
67498327
20146827
69108542
23928258
34379394
69285072
71170119
85358966
96625678
31722191
65318326
85496753
55200072
91424090
64300535
95674572
51894202
42027620
59892856
88824018
81266415
11786903
15923219
13997015
32541092
52173039
64986297
51565156
24904129
74891361
21168584
74855376
77149292
18534279
52438360
11053494
47366149
91398252
58607670
53109628
41528757
76519757
51600836
62714532
92121181
69865713
62204107
72991949
57410539
92145091
48043063
79010258
73964894
69556046
77437819
84624718
71293356
56875157
77671338
74841015
36165029
63007280
32178991
95065759
90640147
94634083
53103088
94206243
51169129
38032325
69665892
76916497
15023786
66315157
36770928
27499939
67376801
87357194
62538921
55866330
97345438
88636097
22576017
13232825
43350799
94808593
46013745
83434583
30505857
47150345
65239940
15546898
24216175
81730075
62801491
27669959
52960671
96653772
88277759
14303549
70573490
45505530
76609134
87438095
98134250
19784987
74573226
32265957
91433876
74666059
24294632
45468493
11533009
52611301
83516409
68701550
32767699
66951261
41514288
81905675
69573155
86501294
71325662
25032631
61248606
32243306
40817432
58426785
73834949
89297145
99499296
51305504
32954148
75632310
52772414
44209798
35590392
91799766
12890015
43032403
24465450
53381595
76809142
41488904
70467319
74465402
50848592
38680371
96170981
88051788
18079290
52075869
43362619
23467333
16385840
90846086
15693030
80177786
94796544
70209246
52810607
60578172
33189815
15978908
49962038
28968378
27706223
15044985
11445083
14839019
60634037
29438691
79726960
49132149
50384460
26435923
24679910
32111612
34569176
99174384
73311306
36500475
59909773
51986370
61095196
46906460
17124261
49610975
26644855
80960808
31579015
67955453
94641433
31444006
31884214
87579371
76509934
70964298
55472423
64591962
17129442
12931109
77377281
66079798
33464243
84756609
59418992
62663001
91659954
80553378
85271192
57379195
49533174
73502071
50013651
94915557
30381824
53768294
48066917
42870547
47255595
97424952
32353716
49345500
61207423
39699561
79155310
51696032
55190057
85697251
17486311
47675761
18567330
50521783
88452449
52054129
94651264
37484445
47001610
42583597
63912862
73237311
66242379
86966951
49551630
32609309
79428067
18741435
83951426
33122705
28140051
53511482
74550506
83006183
91755244
87984630
29003939
16813549
35387796
26115798
57951643
94760987
17061370
59655827
35586286
99844113
98301660
77824567
77516858
96360366
99804903
60811702
92350409
90909284
78944570
62892789
66495155
18542532
50414622
31584213
43454882
30755705
23973653
48034849
39445048
58736815
80624619
31106167
41465614
